( 5, 0 )
( 10, 0 )
( 15, 0 )
( 20, 0 )
( 25, 0 )
( 30, 0 )
( 35, 1 )
( 40, 1 )
( 45, 2 )
( 50, 2 )
( 55, 3 )
( 60, 3 )
( 65, 4 )
( 70, 4 )
( 75, 4 )
( 80, 5 )
( 85, 5 )
( 90, 6 )
( 95, 6 )
( 100, 7 )
( 105, 7 )
( 110, 8 )
( 115, 10 )
( 120, 11 )
( 125, 13 )
( 130, 14 )
( 135, 16 )
( 140, 18 )
( 145, 19 )
( 150, 21 )
( 155, 24 )
( 160, 25 )
( 165, 26 )
( 170, 27 )
( 175, 29 )
( 180, 30 )
( 185, 31 )
( 190, 33 )
( 195, 37 )
( 200, 39 )
( 205, 40 )
( 210, 41 )
( 215, 42 )
( 220, 44 )
( 225, 46 )
( 230, 49 )
( 235, 50 )
( 240, 51 )
( 245, 53 )
( 250, 54 )
( 255, 55 )
( 260, 57 )
( 265, 58 )
( 270, 60 )
( 275, 63 )
( 280, 64 )
( 285, 66 )
( 290, 67 )
( 295, 69 )
( 300, 71 )
( 305, 73 )
( 310, 74 )
( 315, 76 )
( 320, 76 )
( 325, 77 )
( 330, 78 )
( 335, 81 )
( 340, 83 )
( 345, 84 )
( 350, 85 )
( 355, 87 )
( 360, 87 )
( 365, 90 )
( 370, 92 )
( 375, 95 )
( 380, 96 )
( 385, 97 )
( 390, 99 )
( 395, 101 )
( 400, 102 )
( 405, 104 )
( 410, 105 )
( 415, 106 )
( 420, 107 )
( 425, 108 )
( 430, 110 )
( 435, 110 )
( 440, 111 )
( 445, 113 )
( 450, 115 )
( 455, 117 )
( 460, 118 )
( 465, 119 )
( 470, 120 )
( 475, 121 )
( 480, 123 )
( 485, 125 )
( 490, 126 )
( 495, 128 )
( 500, 129 )
( 505, 131 )
( 510, 134 )
( 515, 135 )
( 520, 137 )
( 525, 139 )
( 530, 141 )
( 535, 142 )
( 540, 144 )
( 545, 145 )
( 550, 146 )
( 555, 147 )
( 560, 149 )
( 565, 150 )
( 570, 152 )
( 575, 153 )
( 580, 157 )
( 585, 159 )
( 590, 162 )
( 595, 165 )
( 600, 169 )
( 605, 174 )
( 610, 178 )
( 615, 182 )
( 620, 186 )
( 625, 189 )
( 630, 193 )
( 635, 196 )
( 640, 200 )
( 645, 204 )
( 650, 208 )
( 655, 213 )
( 660, 217 )
( 665, 220 )
( 670, 224 )
( 675, 227 )
( 680, 231 )
( 685, 235 )
( 690, 238 )
( 695, 241 )
( 700, 243 )
( 705, 245 )
( 710, 248 )
( 715, 251 )
( 720, 255 )
( 725, 257 )
( 730, 260 )
( 735, 262 )
( 740, 266 )
( 745, 271 )
( 750, 276 )
( 755, 280 )
( 760, 283 )
( 765, 288 )
( 770, 291 )
( 775, 295 )
( 780, 298 )
( 785, 300 )
( 790, 303 )
( 795, 307 )
( 800, 310 )
( 805, 313 )
( 810, 319 )
( 815, 321 )
( 820, 323 )
( 825, 327 )
( 830, 330 )
( 835, 333 )
( 840, 336 )
( 845, 339 )
( 850, 342 )
( 855, 345 )
( 860, 347 )
( 865, 352 )
( 870, 358 )
( 875, 359 )
( 880, 362 )
( 885, 365 )
( 890, 367 )
( 895, 371 )
( 900, 375 )
( 905, 381 )
( 910, 383 )
( 915, 385 )
( 920, 387 )
( 925, 389 )
( 930, 392 )
( 935, 394 )
( 940, 397 )
( 945, 401 )
( 950, 403 )
( 955, 406 )
( 960, 408 )
( 965, 411 )
( 970, 414 )
( 975, 417 )
( 980, 419 )
( 985, 423 )
( 990, 425 )
( 995, 429 )
( 1000, 432 )
( 1005, 436 )
( 1010, 440 )
( 1015, 444 )
( 1020, 447 )
( 1025, 450 )
( 1030, 453 )
( 1035, 457 )
( 1040, 461 )
( 1045, 465 )
( 1050, 469 )
( 1055, 477 )
( 1060, 482 )
( 1065, 488 )
( 1070, 493 )
( 1075, 502 )
( 1080, 507 )
( 1085, 513 )
( 1090, 520 )
( 1095, 527 )
( 1100, 533 )
( 1105, 537 )
( 1110, 541 )
( 1115, 547 )
( 1120, 552 )
( 1125, 561 )
( 1130, 568 )
( 1135, 578 )
( 1140, 584 )
( 1145, 591 )
( 1150, 598 )
( 1155, 607 )
( 1160, 615 )
( 1165, 623 )
( 1170, 631 )
( 1175, 638 )
( 1180, 644 )
( 1185, 653 )
( 1190, 661 )
( 1195, 668 )
( 1200, 672 )
( 1205, 678 )
( 1210, 687 )
( 1215, 694 )
( 1220, 703 )
( 1225, 709 )
( 1230, 716 )
( 1235, 723 )
( 1240, 732 )
( 1245, 740 )
( 1250, 746 )
( 1255, 752 )
( 1260, 763 )
( 1265, 772 )
( 1270, 777 )
( 1275, 785 )
( 1280, 793 )
( 1285, 800 )
( 1290, 806 )
( 1295, 815 )
( 1300, 822 )
( 1305, 827 )
( 1310, 832 )
( 1315, 837 )
( 1320, 844 )
( 1325, 849 )
( 1330, 855 )
( 1335, 859 )
( 1340, 866 )
( 1345, 872 )
( 1350, 876 )
( 1355, 882 )
( 1360, 888 )
( 1365, 892 )
( 1370, 898 )
( 1375, 905 )
( 1380, 910 )
( 1385, 916 )
( 1390, 920 )
( 1395, 924 )
( 1400, 927 )
( 1405, 933 )
( 1410, 939 )
( 1415, 944 )
( 1420, 949 )
( 1425, 955 )
( 1430, 959 )
( 1435, 963 )
( 1440, 968 )
( 1445, 973 )
( 1450, 979 )
( 1455, 982 )
( 1460, 987 )
( 1465, 992 )
( 1470, 997 )
( 1475, 1003 )
( 1480, 1008 )
( 1485, 1014 )
( 1490, 1019 )
( 1495, 1022 )
( 1500, 1028 )
( 1505, 1034 )
( 1510, 1039 )
( 1515, 1045 )
( 1520, 1051 )
( 1525, 1058 )
( 1530, 1065 )
( 1535, 1073 )
( 1540, 1081 )
( 1545, 1088 )
( 1550, 1094 )
( 1555, 1101 )
( 1560, 1109 )
( 1565, 1115 )
( 1570, 1124 )
( 1575, 1135 )
( 1580, 1144 )
( 1585, 1151 )
( 1590, 1157 )
( 1595, 1164 )
( 1600, 1174 )
( 1605, 1186 )
( 1610, 1195 )
( 1615, 1203 )
( 1620, 1211 )
( 1625, 1220 )
( 1630, 1230 )
( 1635, 1238 )
( 1640, 1247 )
( 1645, 1256 )
( 1650, 1264 )
( 1655, 1271 )
( 1660, 1281 )
( 1665, 1289 )
( 1670, 1297 )
( 1675, 1306 )
( 1680, 1316 )
( 1685, 1325 )
( 1690, 1333 )
( 1695, 1342 )
( 1700, 1351 )
( 1705, 1359 )
( 1710, 1368 )
( 1715, 1375 )
( 1720, 1383 )
( 1725, 1389 )
( 1730, 1397 )
( 1735, 1402 )
( 1740, 1409 )
( 1745, 1415 )
( 1750, 1421 )
( 1755, 1427 )
( 1760, 1436 )
( 1765, 1443 )
( 1770, 1452 )
( 1775, 1457 )
( 1780, 1463 )
( 1785, 1468 )
( 1790, 1476 )
( 1795, 1484 )
( 1800, 1491 )
( 1805, 1499 )
( 1810, 1506 )
( 1815, 1512 )
( 1820, 1517 )
( 1825, 1525 )
( 1830, 1532 )
( 1835, 1540 )
( 1840, 1544 )
( 1845, 1550 )
( 1850, 1556 )
( 1855, 1562 )
( 1860, 1572 )
( 1865, 1578 )
( 1870, 1585 )
( 1875, 1593 )
( 1880, 1600 )
( 1885, 1606 )
( 1890, 1611 )
( 1895, 1617 )
( 1900, 1623 )
( 1905, 1628 )
( 1910, 1635 )
( 1915, 1641 )
( 1920, 1648 )
( 1925, 1654 )
( 1930, 1660 )
( 1935, 1667 )
( 1940, 1675 )
( 1945, 1682 )
( 1950, 1687 )
( 1955, 1693 )
( 1960, 1698 )
( 1965, 1706 )
( 1970, 1711 )
( 1975, 1718 )
( 1980, 1724 )
( 1985, 1733 )
( 1990, 1740 )
( 1995, 1748 )
( 2000, 1755 )
( 2005, 1766 )
( 2010, 1774 )
( 2015, 1783 )
( 2020, 1792 )
( 2025, 1801 )
( 2030, 1809 )
( 2035, 1819 )
( 2040, 1828 )
( 2045, 1838 )
( 2050, 1850 )
( 2055, 1857 )
( 2060, 1867 )
( 2065, 1876 )
( 2070, 1888 )
( 2075, 1898 )
( 2080, 1911 )
( 2085, 1923 )
( 2090, 1931 )
( 2095, 1941 )
( 2100, 1951 )
( 2105, 1962 )
( 2110, 1976 )
( 2115, 1985 )
( 2120, 1995 )
( 2125, 2005 )
( 2130, 2015 )
( 2135, 2024 )
( 2140, 2033 )
( 2145, 2044 )
( 2150, 2056 )
( 2155, 2066 )
( 2160, 2077 )
( 2165, 2086 )
( 2170, 2096 )
( 2175, 2107 )
( 2180, 2119 )
( 2185, 2129 )
( 2190, 2139 )
( 2195, 2147 )
( 2200, 2160 )
( 2205, 2171 )
( 2210, 2182 )
( 2215, 2191 )
( 2220, 2198 )
( 2225, 2208 )
( 2230, 2217 )
( 2235, 2224 )
( 2240, 2235 )
( 2245, 2243 )
( 2250, 2251 )
( 2255, 2261 )
( 2260, 2270 )
( 2265, 2279 )
( 2270, 2286 )
( 2275, 2296 )
( 2280, 2302 )
( 2285, 2309 )
( 2290, 2318 )
( 2295, 2326 )
( 2300, 2333 )
( 2305, 2340 )
( 2310, 2347 )
( 2315, 2355 )
( 2320, 2364 )
( 2325, 2371 )
( 2330, 2379 )
( 2335, 2385 )
( 2340, 2392 )
( 2345, 2400 )
( 2350, 2406 )
( 2355, 2412 )
( 2360, 2420 )
( 2365, 2427 )
( 2370, 2433 )
( 2375, 2439 )
( 2380, 2444 )
( 2385, 2451 )
( 2390, 2459 )
( 2395, 2465 )
( 2400, 2471 )
( 2405, 2479 )
( 2410, 2486 )
( 2415, 2493 )
( 2420, 2498 )
( 2425, 2505 )
( 2430, 2510 )
( 2435, 2518 )
( 2440, 2525 )
( 2445, 2531 )
( 2450, 2538 )
( 2455, 2544 )
( 2460, 2552 )
( 2465, 2560 )
( 2470, 2568 )
( 2475, 2578 )
( 2480, 2587 )
( 2485, 2595 )
( 2490, 2605 )
( 2495, 2615 )
( 2500, 2626 )
( 2505, 2637 )
( 2510, 2646 )
( 2515, 2656 )
( 2520, 2666 )
( 2525, 2675 )
( 2530, 2685 )
( 2535, 2695 )
( 2540, 2705 )
( 2545, 2716 )
( 2550, 2724 )
( 2555, 2732 )
( 2560, 2740 )
( 2565, 2750 )
( 2570, 2762 )
( 2575, 2770 )
( 2580, 2781 )
( 2585, 2792 )
( 2590, 2802 )
( 2595, 2810 )
( 2600, 2822 )
( 2605, 2833 )
( 2610, 2846 )
( 2615, 2857 )
( 2620, 2864 )
( 2625, 2874 )
( 2630, 2882 )
( 2635, 2896 )
( 2640, 2905 )
( 2645, 2916 )
( 2650, 2925 )
( 2655, 2934 )
( 2660, 2943 )
( 2665, 2951 )
( 2670, 2960 )
( 2675, 2967 )
( 2680, 2975 )
( 2685, 2983 )
( 2690, 2989 )
( 2695, 2999 )
( 2700, 3006 )
( 2705, 3016 )
( 2710, 3024 )
( 2715, 3033 )
( 2720, 3042 )
( 2725, 3050 )
( 2730, 3058 )
( 2735, 3066 )
( 2740, 3072 )
( 2745, 3079 )
( 2750, 3086 )
( 2755, 3094 )
( 2760, 3103 )
( 2765, 3111 )
( 2770, 3118 )
( 2775, 3124 )
( 2780, 3132 )
( 2785, 3139 )
( 2790, 3147 )
( 2795, 3154 )
( 2800, 3162 )
( 2805, 3168 )
( 2810, 3175 )
( 2815, 3184 )
( 2820, 3191 )
( 2825, 3197 )
( 2830, 3201 )
( 2835, 3209 )
( 2840, 3216 )
( 2845, 3222 )
( 2850, 3228 )
( 2855, 3235 )
( 2860, 3242 )
( 2865, 3249 )
( 2870, 3255 )
( 2875, 3261 )
( 2880, 3268 )
( 2885, 3274 )
( 2890, 3280 )
( 2895, 3287 )
( 2900, 3294 )
( 2905, 3303 )
( 2910, 3310 )
( 2915, 3321 )
( 2920, 3330 )
( 2925, 3340 )
( 2930, 3348 )
( 2935, 3357 )
( 2940, 3363 )
( 2945, 3373 )
( 2950, 3381 )
( 2955, 3389 )
( 2960, 3397 )
( 2965, 3406 )
( 2970, 3413 )
( 2975, 3421 )
( 2980, 3427 )
( 2985, 3434 )
( 2990, 3441 )
( 2995, 3449 )
( 3000, 3455 )
( 3005, 3462 )
( 3010, 3469 )
( 3015, 3475 )
( 3020, 3482 )
( 3025, 3490 )
( 3030, 3498 )
( 3035, 3504 )
( 3040, 3511 )
( 3045, 3519 )
( 3050, 3527 )
( 3055, 3536 )
( 3060, 3542 )
( 3065, 3547 )
( 3070, 3556 )
( 3075, 3563 )
( 3080, 3570 )
( 3085, 3578 )
( 3090, 3587 )
( 3095, 3596 )
( 3100, 3604 )
( 3105, 3612 )
( 3110, 3621 )
( 3115, 3630 )
( 3120, 3638 )
( 3125, 3647 )
( 3130, 3656 )
( 3135, 3665 )
( 3140, 3674 )
( 3145, 3683 )
( 3150, 3692 )
( 3155, 3700 )
( 3160, 3709 )
( 3165, 3717 )
( 3170, 3724 )
( 3175, 3732 )
( 3180, 3739 )
( 3185, 3746 )
( 3190, 3753 )
( 3195, 3761 )
( 3200, 3767 )
( 3205, 3776 )
( 3210, 3784 )
( 3215, 3790 )
( 3220, 3797 )
( 3225, 3805 )
( 3230, 3814 )
( 3235, 3821 )
( 3240, 3828 )
( 3245, 3835 )
( 3250, 3843 )
( 3255, 3851 )
( 3260, 3858 )
( 3265, 3866 )
( 3270, 3873 )
( 3275, 3882 )
( 3280, 3887 )
( 3285, 3894 )
( 3290, 3900 )
( 3295, 3907 )
( 3300, 3915 )
( 3305, 3923 )
( 3310, 3932 )
( 3315, 3941 )
( 3320, 3951 )
( 3325, 3961 )
( 3330, 3969 )
( 3335, 3977 )
( 3340, 3986 )
( 3345, 3993 )
( 3350, 4001 )
( 3355, 4011 )
( 3360, 4020 )
( 3365, 4030 )
( 3370, 4037 )
( 3375, 4045 )
( 3380, 4055 )
( 3385, 4064 )
( 3390, 4073 )
( 3395, 4082 )
( 3400, 4090 )
( 3405, 4099 )
( 3410, 4107 )
( 3415, 4117 )
( 3420, 4126 )
( 3425, 4134 )
( 3430, 4142 )
( 3435, 4151 )
( 3440, 4161 )
( 3445, 4168 )
( 3450, 4177 )
( 3455, 4186 )
( 3460, 4195 )
( 3465, 4204 )
( 3470, 4211 )
( 3475, 4220 )
( 3480, 4229 )
( 3485, 4236 )
( 3490, 4244 )
( 3495, 4253 )
( 3500, 4261 )
( 3505, 4268 )
( 3510, 4275 )
( 3515, 4282 )
( 3520, 4290 )
( 3525, 4297 )
( 3530, 4304 )
( 3535, 4311 )
( 3540, 4319 )
( 3545, 4326 )
( 3550, 4333 )
( 3555, 4340 )
( 3560, 4347 )
( 3565, 4354 )
( 3570, 4361 )
( 3575, 4368 )
( 3580, 4374 )
( 3585, 4380 )
( 3590, 4388 )
( 3595, 4395 )
( 3600, 4401 )
( 3605, 4408 )
( 3610, 4414 )
( 3615, 4423 )
( 3620, 4431 )
( 3625, 4438 )
( 3630, 4443 )
( 3635, 4449 )
( 3640, 4456 )
( 3645, 4463 )
( 3650, 4471 )
( 3655, 4478 )
( 3660, 4486 )
( 3665, 4493 )
( 3670, 4500 )
( 3675, 4507 )
( 3680, 4514 )
( 3685, 4521 )
( 3690, 4528 )
( 3695, 4535 )
( 3700, 4541 )
( 3705, 4550 )
( 3710, 4558 )
( 3715, 4566 )
( 3720, 4573 )
( 3725, 4581 )
( 3730, 4587 )
( 3735, 4594 )
( 3740, 4602 )
( 3745, 4610 )
( 3750, 4618 )
( 3755, 4625 )
( 3760, 4634 )
( 3765, 4642 )
( 3770, 4650 )
( 3775, 4658 )
( 3780, 4666 )
( 3785, 4673 )
( 3790, 4681 )
( 3795, 4689 )
( 3800, 4696 )
( 3805, 4704 )
( 3810, 4711 )
( 3815, 4718 )
( 3820, 4726 )
( 3825, 4734 )
( 3830, 4742 )
( 3835, 4748 )
( 3840, 4755 )
( 3845, 4763 )
( 3850, 4772 )
( 3855, 4779 )
( 3860, 4786 )
( 3865, 4793 )
( 3870, 4800 )
( 3875, 4805 )
( 3880, 4812 )
( 3885, 4820 )
( 3890, 4827 )
( 3895, 4833 )
( 3900, 4840 )
( 3905, 4847 )
( 3910, 4854 )
( 3915, 4860 )
( 3920, 4867 )
( 3925, 4873 )
( 3930, 4880 )
( 3935, 4887 )
( 3940, 4895 )
( 3945, 4900 )
( 3950, 4906 )
( 3955, 4912 )
( 3960, 4919 )
( 3965, 4927 )
( 3970, 4934 )
( 3975, 4940 )
( 3980, 4946 )
( 3985, 4953 )
( 3990, 4960 )
( 3995, 4966 )
( 4000, 4973 )
( 4005, 4980 )
( 4010, 4988 )
( 4015, 4994 )
( 4020, 5001 )
( 4025, 5008 )
( 4030, 5015 )
( 4035, 5022 )
( 4040, 5028 )
( 4045, 5035 )
( 4050, 5042 )
( 4055, 5049 )
( 4060, 5056 )
( 4065, 5063 )
( 4070, 5070 )
( 4075, 5077 )
( 4080, 5083 )
( 4085, 5091 )
( 4090, 5097 )
( 4095, 5104 )
( 4100, 5111 )
( 4105, 5118 )
( 4110, 5126 )
( 4115, 5133 )
( 4120, 5140 )
( 4125, 5148 )
( 4130, 5155 )
( 4135, 5161 )
( 4140, 5168 )
( 4145, 5175 )
( 4150, 5183 )
( 4155, 5190 )
( 4160, 5197 )
( 4165, 5204 )
( 4170, 5211 )
( 4175, 5220 )
( 4180, 5227 )
( 4185, 5235 )
( 4190, 5242 )
( 4195, 5250 )
( 4200, 5258 )
( 4205, 5264 )
( 4210, 5271 )
( 4215, 5278 )
( 4220, 5284 )
( 4225, 5291 )
( 4230, 5297 )
( 4235, 5304 )
( 4240, 5311 )
( 4245, 5317 )
( 4250, 5324 )
( 4255, 5330 )
( 4260, 5339 )
( 4265, 5345 )
( 4270, 5351 )
( 4275, 5358 )
( 4280, 5365 )
( 4285, 5372 )
( 4290, 5380 )
( 4295, 5387 )
( 4300, 5395 )
( 4305, 5402 )
( 4310, 5410 )
( 4315, 5417 )
( 4320, 5424 )
( 4325, 5432 )
( 4330, 5438 )
( 4335, 5445 )
( 4340, 5452 )
( 4345, 5458 )
( 4350, 5465 )
( 4355, 5471 )
( 4360, 5478 )
( 4365, 5486 )
( 4370, 5493 )
( 4375, 5500 )
( 4380, 5506 )
( 4385, 5513 )
( 4390, 5519 )
( 4395, 5525 )
( 4400, 5532 )
( 4405, 5538 )
( 4410, 5544 )
( 4415, 5551 )
( 4420, 5557 )
( 4425, 5563 )
( 4430, 5569 )
( 4435, 5576 )
( 4440, 5582 )
( 4445, 5589 )
( 4450, 5596 )
( 4455, 5603 )
( 4460, 5608 )
( 4465, 5616 )
( 4470, 5622 )
( 4475, 5629 )
( 4480, 5635 )
( 4485, 5641 )
( 4490, 5647 )
( 4495, 5654 )
( 4500, 5661 )
( 4505, 5668 )
( 4510, 5674 )
( 4515, 5681 )
( 4520, 5688 )
( 4525, 5694 )
( 4530, 5701 )
( 4535, 5709 )
( 4540, 5716 )
( 4545, 5722 )
( 4550, 5729 )
( 4555, 5735 )
( 4560, 5742 )
( 4565, 5750 )
( 4570, 5757 )
( 4575, 5765 )
( 4580, 5773 )
( 4585, 5780 )
( 4590, 5787 )
( 4595, 5794 )
( 4600, 5803 )
( 4605, 5810 )
( 4610, 5818 )
( 4615, 5826 )
( 4620, 5833 )
( 4625, 5841 )
( 4630, 5849 )
( 4635, 5857 )
( 4640, 5864 )
( 4645, 5871 )
( 4650, 5879 )
( 4655, 5887 )
( 4660, 5894 )
( 4665, 5902 )
( 4670, 5910 )
( 4675, 5918 )
( 4680, 5925 )
( 4685, 5933 )
( 4690, 5940 )
( 4695, 5947 )
( 4700, 5956 )
( 4705, 5963 )
( 4710, 5970 )
( 4715, 5978 )
( 4720, 5986 )
( 4725, 5993 )
( 4730, 6001 )
( 4735, 6009 )
( 4740, 6016 )
( 4745, 6024 )
( 4750, 6032 )
( 4755, 6040 )
( 4760, 6049 )
( 4765, 6056 )
( 4770, 6064 )
( 4775, 6072 )
( 4780, 6080 )
( 4785, 6088 )
( 4790, 6096 )
( 4795, 6104 )
( 4800, 6111 )
( 4805, 6118 )
( 4810, 6125 )
( 4815, 6132 )
( 4820, 6139 )
( 4825, 6146 )
( 4830, 6154 )
( 4835, 6162 )
( 4840, 6169 )
( 4845, 6176 )
( 4850, 6182 )
( 4855, 6189 )
( 4860, 6197 )
( 4865, 6202 )
( 4870, 6208 )
( 4875, 6215 )
( 4880, 6221 )
( 4885, 6227 )
( 4890, 6235 )
( 4895, 6241 )
( 4900, 6247 )
( 4905, 6254 )
( 4910, 6260 )
( 4915, 6267 )
( 4920, 6274 )
( 4925, 6281 )
( 4930, 6288 )
( 4935, 6294 )
( 4940, 6301 )
( 4945, 6307 )
( 4950, 6315 )
( 4955, 6321 )
( 4960, 6328 )
( 4965, 6333 )
( 4970, 6340 )
( 4975, 6347 )
( 4980, 6353 )
( 4985, 6359 )
( 4990, 6365 )
( 4995, 6339 )
( 5000, 6344 )
( 5005, 6350 )
( 5010, 6356 )
( 5015, 6362 )
( 5020, 6368 )
( 5025, 6374 )
( 5030, 6379 )
( 5035, 6385 )
( 5040, 6390 )
( 5045, 6396 )
( 5050, 6401 )
( 5055, 6407 )
( 5060, 6412 )
( 5065, 6418 )
( 5070, 6423 )
( 5075, 6428 )
( 5080, 6433 )
( 5085, 6438 )
( 5090, 6444 )
( 5095, 6449 )
( 5100, 6455 )
( 5105, 6460 )
( 5110, 6466 )
( 5115, 6471 )
( 5120, 6478 )
( 5125, 6483 )
( 5130, 6488 )
( 5135, 6494 )
( 5140, 6499 )
( 5145, 6505 )
( 5150, 6511 )
( 5155, 6517 )
( 5160, 6522 )
( 5165, 6528 )
( 5170, 6534 )
( 5175, 6540 )
( 5180, 6547 )
( 5185, 6554 )
( 5190, 6526 )
( 5195, 6532 )
( 5200, 6539 )
( 5205, 6546 )
( 5210, 6552 )
( 5215, 6559 )
( 5220, 6565 )
( 5225, 6573 )
( 5230, 6544 )
( 5235, 6550 )
( 5240, 6556 )
( 5245, 6563 )
( 5250, 6569 )
( 5255, 6541 )
( 5260, 6547 )
( 5265, 6553 )
( 5270, 6559 )
( 5275, 6564 )
( 5280, 6570 )
( 5285, 6576 )
( 5290, 6582 )
( 5295, 6587 )
( 5300, 6593 )
( 5305, 6598 )
( 5310, 6568 )
( 5315, 6573 )
( 5320, 6579 )
( 5325, 6585 )
( 5330, 6591 )
( 5335, 6597 )
( 5340, 6602 )
( 5345, 6607 )
( 5350, 6612 )
( 5355, 6617 )
( 5360, 6623 )
( 5365, 6628 )
( 5370, 6599 )
( 5375, 6571 )
( 5380, 6542 )
( 5385, 6546 )
( 5390, 6552 )
( 5395, 6557 )
( 5400, 6562 )
( 5405, 6568 )
( 5410, 6537 )
( 5415, 6543 )
( 5420, 6550 )
( 5425, 6554 )
( 5430, 6560 )
( 5435, 6566 )
( 5440, 6571 )
( 5445, 6576 )
( 5450, 6582 )
( 5455, 6588 )
( 5460, 6592 )
( 5465, 6597 )
( 5470, 6602 )
( 5475, 6568 )
( 5480, 6574 )
( 5485, 6579 )
( 5490, 6549 )
( 5495, 6554 )
( 5500, 6559 )
( 5505, 6563 )
( 5510, 6568 )
( 5515, 6573 )
( 5520, 6579 )
( 5525, 6585 )
( 5530, 6555 )
( 5535, 6526 )
( 5540, 6531 )
( 5545, 6500 )
( 5550, 6506 )
( 5555, 6511 )
( 5560, 6516 )
( 5565, 6521 )
( 5570, 6525 )
( 5575, 6530 )
( 5580, 6536 )
( 5585, 6541 )
( 5590, 6546 )
( 5595, 6551 )
( 5600, 6557 )
( 5605, 6562 )
( 5610, 6567 )
( 5615, 6573 )
( 5620, 6578 )
( 5625, 6583 )
( 5630, 6587 )
( 5635, 6592 )
( 5640, 6563 )
( 5645, 6568 )
( 5650, 6573 )
( 5655, 6578 )
( 5660, 6584 )
( 5665, 6589 )
( 5670, 6594 )
( 5675, 6599 )
( 5680, 6606 )
( 5685, 6611 )
( 5690, 6616 )
( 5695, 6621 )
( 5700, 6626 )
( 5705, 6630 )
( 5710, 6635 )
( 5715, 6640 )
( 5720, 6608 )
( 5725, 6612 )
( 5730, 6616 )
( 5735, 6621 )
( 5740, 6626 )
( 5745, 6631 )
( 5750, 6635 )
( 5755, 6639 )
( 5760, 6643 )
( 5765, 6616 )
( 5770, 6621 )
( 5775, 6625 )
( 5780, 6629 )
( 5785, 6634 )
( 5790, 6640 )
( 5795, 6645 )
( 5800, 6650 )
( 5805, 6620 )
( 5810, 6625 )
( 5815, 6630 )
( 5820, 6635 )
( 5825, 6640 )
( 5830, 6646 )
( 5835, 6652 )
( 5840, 6658 )
( 5845, 6663 )
( 5850, 6668 )
( 5855, 6674 )
( 5860, 6680 )
( 5865, 6687 )
( 5870, 6693 )
( 5875, 6699 )
( 5880, 6705 )
( 5885, 6710 )
( 5890, 6715 )
( 5895, 6721 )
( 5900, 6727 )
( 5905, 6733 )
( 5910, 6739 )
( 5915, 6745 )
( 5920, 6750 )
( 5925, 6755 )
( 5930, 6761 )
( 5935, 6767 )
( 5940, 6772 )
( 5945, 6779 )
( 5950, 6784 )
( 5955, 6790 )
( 5960, 6795 )
( 5965, 6800 )
( 5970, 6806 )
( 5975, 6811 )
( 5980, 6816 )
( 5985, 6822 )
( 5990, 6829 )
( 5995, 6834 )
( 6000, 6840 )
( 6005, 6846 )
( 6010, 6851 )
( 6015, 6857 )
( 6020, 6862 )
( 6025, 6867 )
( 6030, 6872 )
( 6035, 6877 )
( 6040, 6883 )
( 6045, 6889 )
( 6050, 6894 )
( 6055, 6900 )
( 6060, 6906 )
( 6065, 6911 )
( 6070, 6916 )
( 6075, 6878 )
( 6080, 6884 )
( 6085, 6890 )
( 6090, 6895 )
( 6095, 6900 )
( 6100, 6865 )
( 6105, 6871 )
( 6110, 6876 )
( 6115, 6841 )
( 6120, 6845 )
( 6125, 6851 )
( 6130, 6856 )
( 6135, 6862 )
( 6140, 6867 )
( 6145, 6871 )
( 6150, 6876 )
( 6155, 6881 )
( 6160, 6847 )
( 6165, 6851 )
( 6170, 6856 )
( 6175, 6862 )
( 6180, 6867 )
( 6185, 6872 )
( 6190, 6836 )
( 6195, 6840 )
( 6200, 6845 )
( 6205, 6850 )
( 6210, 6854 )
( 6215, 6860 )
( 6220, 6864 )
( 6225, 6869 )
( 6230, 6873 )
( 6235, 6877 )
( 6240, 6881 )
( 6245, 6885 )
( 6250, 6850 )
( 6255, 6854 )
( 6260, 6859 )
( 6265, 6822 )
( 6270, 6826 )
( 6275, 6789 )
( 6280, 6794 )
( 6285, 6800 )
( 6290, 6805 )
( 6295, 6809 )
( 6300, 6814 )
( 6305, 6820 )
( 6310, 6825 )
( 6315, 6829 )
( 6320, 6833 )
( 6325, 6838 )
( 6330, 6842 )
( 6335, 6806 )
( 6340, 6811 )
( 6345, 6816 )
( 6350, 6822 )
( 6355, 6827 )
( 6360, 6832 )
( 6365, 6837 )
( 6370, 6841 )
( 6375, 6807 )
( 6380, 6812 )
( 6385, 6817 )
( 6390, 6821 )
( 6395, 6826 )
( 6400, 6831 )
( 6405, 6836 )
( 6410, 6841 )
( 6415, 6845 )
( 6420, 6850 )
( 6425, 6855 )
( 6430, 6860 )
( 6435, 6864 )
( 6440, 6868 )
( 6445, 6873 )
( 6450, 6878 )
( 6455, 6883 )
( 6460, 6888 )
( 6465, 6894 )
( 6470, 6898 )
( 6475, 6904 )
( 6480, 6908 )
( 6485, 6914 )
( 6490, 6918 )
( 6495, 6923 )
( 6500, 6927 )
( 6505, 6933 )
( 6510, 6937 )
( 6515, 6941 )
( 6520, 6945 )
( 6525, 6949 )
( 6530, 6911 )
( 6535, 6916 )
( 6540, 6920 )
( 6545, 6925 )
( 6550, 6930 )
( 6555, 6934 )
( 6560, 6938 )
( 6565, 6943 )
( 6570, 6948 )
( 6575, 6953 )
( 6580, 6957 )
( 6585, 6962 )
( 6590, 6966 )
( 6595, 6971 )
( 6600, 6975 )
( 6605, 6979 )
( 6610, 6983 )
( 6615, 6987 )
( 6620, 6992 )
( 6625, 6997 )
( 6630, 6958 )
( 6635, 6962 )
( 6640, 6966 )
( 6645, 6970 )
( 6650, 6975 )
( 6655, 6980 )
( 6660, 6984 )
( 6665, 6989 )
( 6670, 6993 )
( 6675, 6997 )
( 6680, 7002 )
( 6685, 7006 )
( 6690, 7010 )
( 6695, 7015 )
( 6700, 7020 )
( 6705, 7024 )
( 6710, 7028 )
( 6715, 7033 )
( 6720, 7038 )
( 6725, 7043 )
( 6730, 7047 )
( 6735, 7051 )
( 6740, 7056 )
( 6745, 7061 )
( 6750, 7066 )
( 6755, 7071 )
( 6760, 7075 )
( 6765, 7080 )
( 6770, 7084 )
( 6775, 7089 )
( 6780, 7094 )
( 6785, 7098 )
( 6790, 7103 )
( 6795, 7108 )
( 6800, 7112 )
( 6805, 7117 )
( 6810, 7121 )
( 6815, 7126 )
( 6820, 7130 )
( 6825, 7134 )
( 6830, 7137 )
( 6835, 7142 )
( 6840, 7146 )
( 6845, 7150 )
( 6850, 7155 )
( 6855, 7159 )
( 6860, 7164 )
( 6865, 7168 )
( 6870, 7173 )
( 6875, 7178 )
( 6880, 7182 )
( 6885, 7187 )
( 6890, 7191 )
( 6895, 7197 )
( 6900, 7201 )
( 6905, 7205 )
( 6910, 7210 )
( 6915, 7214 )
( 6920, 7219 )
( 6925, 7224 )
( 6930, 7229 )
( 6935, 7234 )
( 6940, 7239 )
( 6945, 7244 )
( 6950, 7248 )
( 6955, 7252 )
( 6960, 7257 )
( 6965, 7262 )
( 6970, 7265 )
( 6975, 7270 )
( 6980, 7275 )
( 6985, 7279 )
( 6990, 7283 )
( 6995, 7287 )
( 7000, 7292 )
( 7005, 7296 )
( 7010, 7300 )
( 7015, 7305 )
( 7020, 7309 )
( 7025, 7314 )
( 7030, 7317 )
( 7035, 7321 )
( 7040, 7325 )
( 7045, 7330 )
( 7050, 7334 )
( 7055, 7338 )
( 7060, 7342 )
( 7065, 7346 )
( 7070, 7350 )
( 7075, 7355 )
( 7080, 7360 )
( 7085, 7365 )
( 7090, 7369 )
( 7095, 7374 )
( 7100, 7378 )
( 7105, 7383 )
( 7110, 7387 )
( 7115, 7392 )
( 7120, 7397 )
( 7125, 7401 )
( 7130, 7405 )
( 7135, 7410 )
( 7140, 7414 )
( 7145, 7419 )
( 7150, 7424 )
( 7155, 7429 )
( 7160, 7434 )
( 7165, 7438 )
( 7170, 7443 )
( 7175, 7448 )
( 7180, 7453 )
( 7185, 7457 )
( 7190, 7462 )
( 7195, 7466 )
( 7200, 7471 )
( 7205, 7475 )
( 7210, 7479 )
( 7215, 7484 )
( 7220, 7488 )
( 7225, 7492 )
( 7230, 7497 )
( 7235, 7501 )
( 7240, 7505 )
( 7245, 7510 )
( 7250, 7514 )
( 7255, 7518 )
( 7260, 7522 )
( 7265, 7526 )
( 7270, 7531 )
( 7275, 7536 )
( 7280, 7541 )
( 7285, 7545 )
( 7290, 7549 )
( 7295, 7553 )
( 7300, 7557 )
( 7305, 7561 )
( 7310, 7566 )
( 7315, 7570 )
( 7320, 7575 )
( 7325, 7579 )
( 7330, 7583 )
( 7335, 7588 )
( 7340, 7593 )
( 7345, 7597 )
( 7350, 7601 )
( 7355, 7605 )
( 7360, 7610 )
( 7365, 7615 )
( 7370, 7619 )
( 7375, 7623 )
( 7380, 7627 )
( 7385, 7630 )
( 7390, 7635 )
( 7395, 7639 )
( 7400, 7643 )
( 7405, 7648 )
( 7410, 7653 )
( 7415, 7657 )
( 7420, 7661 )
( 7425, 7666 )
( 7430, 7670 )
( 7435, 7674 )
( 7440, 7677 )
( 7445, 7682 )
( 7450, 7685 )
( 7455, 7690 )
( 7460, 7695 )
( 7465, 7699 )
( 7470, 7703 )
( 7475, 7707 )
( 7480, 7711 )
( 7485, 7716 )
( 7490, 7720 )
( 7495, 7724 )
( 7500, 7728 )
( 7505, 7732 )
( 7510, 7737 )
( 7515, 7741 )
( 7520, 7746 )
( 7525, 7750 )
( 7530, 7754 )
( 7535, 7759 )
( 7540, 7764 )
( 7545, 7768 )
( 7550, 7773 )
( 7555, 7777 )
( 7560, 7781 )
( 7565, 7786 )
( 7570, 7790 )
( 7575, 7795 )
( 7580, 7800 )
( 7585, 7804 )
( 7590, 7808 )
( 7595, 7814 )
( 7600, 7818 )
( 7605, 7822 )
( 7610, 7827 )
( 7615, 7832 )
( 7620, 7836 )
( 7625, 7841 )
( 7630, 7846 )
( 7635, 7850 )
( 7640, 7853 )
( 7645, 7858 )
( 7650, 7862 )
( 7655, 7867 )
( 7660, 7872 )
( 7665, 7877 )
( 7670, 7881 )
( 7675, 7887 )
( 7680, 7892 )
( 7685, 7897 )
( 7690, 7902 )
( 7695, 7907 )
( 7700, 7912 )
( 7705, 7917 )
( 7710, 7922 )
( 7715, 7927 )
( 7720, 7933 )
( 7725, 7937 )
( 7730, 7942 )
( 7735, 7948 )
( 7740, 7952 )
( 7745, 7957 )
( 7750, 7961 )
( 7755, 7966 )
( 7760, 7970 )
( 7765, 7975 )
( 7770, 7979 )
( 7775, 7983 )
( 7780, 7986 )
( 7785, 7991 )
( 7790, 7995 )
( 7795, 7999 )
( 7800, 8003 )
( 7805, 8007 )
( 7810, 8011 )
( 7815, 8015 )
( 7820, 8019 )
( 7825, 8023 )
( 7830, 8027 )
( 7835, 8030 )
( 7840, 8034 )
( 7845, 8038 )
( 7850, 8042 )
( 7855, 8046 )
( 7860, 8050 )
( 7865, 8054 )
( 7870, 8059 )
( 7875, 8063 )
( 7880, 8068 )
( 7885, 8072 )
( 7890, 8076 )
( 7895, 8080 )
( 7900, 8083 )
( 7905, 8087 )
( 7910, 8092 )
( 7915, 8096 )
( 7920, 8101 )
( 7925, 8105 )
( 7930, 8109 )
( 7935, 8113 )
( 7940, 8118 )
( 7945, 8123 )
( 7950, 8128 )
( 7955, 8133 )
( 7960, 8138 )
( 7965, 8144 )
( 7970, 8149 )
( 7975, 8155 )
( 7980, 8161 )
( 7985, 8166 )
( 7990, 8171 )
( 7995, 8177 )
( 8000, 8183 )
( 8005, 8188 )
( 8010, 8194 )
( 8015, 8199 )
( 8020, 8204 )
( 8025, 8208 )
( 8030, 8214 )
( 8035, 8219 )
( 8040, 8224 )
( 8045, 8229 )
( 8050, 8235 )
( 8055, 8242 )
( 8060, 8248 )
( 8065, 8253 )
( 8070, 8259 )
( 8075, 8264 )
( 8080, 8270 )
( 8085, 8276 )
( 8090, 8281 )
( 8095, 8286 )
( 8100, 8292 )
( 8105, 8297 )
( 8110, 8301 )
( 8115, 8306 )
( 8120, 8311 )
( 8125, 8316 )
( 8130, 8321 )
( 8135, 8326 )
( 8140, 8331 )
( 8145, 8336 )
( 8150, 8341 )
( 8155, 8345 )
( 8160, 8350 )
( 8165, 8355 )
( 8170, 8360 )
( 8175, 8364 )
( 8180, 8369 )
( 8185, 8374 )
( 8190, 8378 )
( 8195, 8384 )
( 8200, 8390 )
( 8205, 8395 )
( 8210, 8401 )
( 8215, 8407 )
( 8220, 8413 )
( 8225, 8418 )
( 8230, 8423 )
( 8235, 8429 )
( 8240, 8433 )
( 8245, 8438 )
( 8250, 8444 )
( 8255, 8450 )
( 8260, 8455 )
( 8265, 8461 )
( 8270, 8466 )
( 8275, 8472 )
( 8280, 8477 )
( 8285, 8483 )
( 8290, 8489 )
( 8295, 8494 )
( 8300, 8499 )
( 8305, 8506 )
( 8310, 8512 )
( 8315, 8518 )
( 8320, 8525 )
( 8325, 8532 )
( 8330, 8538 )
( 8335, 8543 )
( 8340, 8550 )
( 8345, 8555 )
( 8350, 8561 )
( 8355, 8566 )
( 8360, 8573 )
( 8365, 8579 )
( 8370, 8585 )
( 8375, 8592 )
( 8380, 8599 )
( 8385, 8606 )
( 8390, 8612 )
( 8395, 8619 )
( 8400, 8625 )
( 8405, 8631 )
( 8410, 8638 )
( 8415, 8645 )
( 8420, 8652 )
( 8425, 8659 )
( 8430, 8666 )
( 8435, 8673 )
( 8440, 8679 )
( 8445, 8686 )
( 8450, 8693 )
( 8455, 8698 )
( 8460, 8705 )
( 8465, 8712 )
( 8470, 8719 )
( 8475, 8725 )
( 8480, 8732 )
( 8485, 8738 )
( 8490, 8744 )
( 8495, 8751 )
( 8500, 8757 )
( 8505, 8763 )
( 8510, 8769 )
( 8515, 8775 )
( 8520, 8781 )
( 8525, 8788 )
( 8530, 8794 )
( 8535, 8801 )
( 8540, 8808 )
( 8545, 8814 )
( 8550, 8820 )
( 8555, 8826 )
( 8560, 8832 )
( 8565, 8839 )
( 8570, 8845 )
( 8575, 8852 )
( 8580, 8858 )
( 8585, 8865 )
( 8590, 8872 )
( 8595, 8880 )
( 8600, 8887 )
( 8605, 8895 )
( 8610, 8902 )
( 8615, 8909 )
( 8620, 8916 )
( 8625, 8922 )
( 8630, 8928 )
( 8635, 8934 )
( 8640, 8942 )
( 8645, 8949 )
( 8650, 8957 )
( 8655, 8964 )
( 8660, 8970 )
( 8665, 8977 )
( 8670, 8985 )
( 8675, 8991 )
( 8680, 8998 )
( 8685, 9005 )
( 8690, 9011 )
( 8695, 9019 )
( 8700, 9027 )
( 8705, 9035 )
( 8710, 9042 )
( 8715, 9049 )
( 8720, 9056 )
( 8725, 9063 )
( 8730, 9071 )
( 8735, 9079 )
( 8740, 9087 )
( 8745, 9094 )
( 8750, 9101 )
( 8755, 9108 )
( 8760, 9115 )
( 8765, 9122 )
( 8770, 9128 )
( 8775, 9135 )
( 8780, 9143 )
( 8785, 9150 )
( 8790, 9157 )
( 8795, 9166 )
( 8800, 9175 )
( 8805, 9183 )
( 8810, 9191 )
( 8815, 9200 )
( 8820, 9207 )
( 8825, 9216 )
( 8830, 9222 )
( 8835, 9229 )
( 8840, 9237 )
( 8845, 9245 )
( 8850, 9252 )
( 8855, 9258 )
( 8860, 9266 )
( 8865, 9274 )
( 8870, 9280 )
( 8875, 9287 )
( 8880, 9294 )
( 8885, 9301 )
( 8890, 9309 )
( 8895, 9315 )
( 8900, 9322 )
( 8905, 9328 )
( 8910, 9336 )
( 8915, 9343 )
( 8920, 9349 )
( 8925, 9356 )
( 8930, 9362 )
( 8935, 9369 )
( 8940, 9376 )
( 8945, 9383 )
( 8950, 9391 )
( 8955, 9399 )
( 8960, 9406 )
( 8965, 9413 )
( 8970, 9420 )
( 8975, 9427 )
( 8980, 9433 )
( 8985, 9440 )
( 8990, 9447 )
( 8995, 9453 )
( 9000, 9459 )
( 9005, 9466 )
( 9010, 9473 )
( 9015, 9480 )
( 9020, 9487 )
( 9025, 9495 )
( 9030, 9502 )
( 9035, 9509 )
( 9040, 9516 )
( 9045, 9523 )
( 9050, 9530 )
( 9055, 9538 )
( 9060, 9544 )
( 9065, 9551 )
( 9070, 9559 )
( 9075, 9567 )
( 9080, 9573 )
( 9085, 9580 )
( 9090, 9588 )
( 9095, 9595 )
( 9100, 9602 )
( 9105, 9610 )
( 9110, 9618 )
( 9115, 9624 )
( 9120, 9631 )
( 9125, 9638 )
( 9130, 9646 )
( 9135, 9656 )
( 9140, 9663 )
( 9145, 9671 )
( 9150, 9680 )
( 9155, 9687 )
( 9160, 9695 )
( 9165, 9702 )
( 9170, 9710 )
( 9175, 9716 )
( 9180, 9724 )
( 9185, 9732 )
( 9190, 9739 )
( 9195, 9745 )
( 9200, 9753 )
( 9205, 9761 )
( 9210, 9767 )
( 9215, 9774 )
( 9220, 9781 )
( 9225, 9788 )
( 9230, 9795 )
( 9235, 9803 )
( 9240, 9810 )
( 9245, 9817 )
( 9250, 9824 )
( 9255, 9830 )
( 9260, 9837 )
( 9265, 9843 )
( 9270, 9849 )
( 9275, 9856 )
( 9280, 9862 )
( 9285, 9868 )
( 9290, 9876 )
( 9295, 9882 )
( 9300, 9889 )
( 9305, 9896 )
( 9310, 9903 )
( 9315, 9910 )
( 9320, 9916 )
( 9325, 9923 )
( 9330, 9930 )
( 9335, 9937 )
( 9340, 9945 )
( 9345, 9953 )
( 9350, 9960 )
( 9355, 9967 )
( 9360, 9973 )
( 9365, 9981 )
( 9370, 9987 )
( 9375, 9994 )
( 9380, 10001 )
( 9385, 10008 )
( 9390, 10015 )
( 9395, 10022 )
( 9400, 10030 )
( 9405, 10038 )
( 9410, 10045 )
( 9415, 10052 )
( 9420, 10059 )
( 9425, 10065 )
( 9430, 10072 )
( 9435, 10078 )
( 9440, 10085 )
( 9445, 10092 )
( 9450, 10099 )
( 9455, 10106 )
( 9460, 10112 )
( 9465, 10118 )
( 9470, 10124 )
( 9475, 10131 )
( 9480, 10137 )
( 9485, 10143 )
( 9490, 10149 )
( 9495, 10156 )
( 9500, 10163 )
( 9505, 10170 )
( 9510, 10176 )
( 9515, 10183 )
( 9520, 10190 )
( 9525, 10197 )
( 9530, 10204 )
( 9535, 10211 )
( 9540, 10217 )
( 9545, 10224 )
( 9550, 10229 )
( 9555, 10235 )
( 9560, 10242 )
( 9565, 10248 )
( 9570, 10255 )
( 9575, 10260 )
( 9580, 10267 )
( 9585, 10274 )
( 9590, 10280 )
( 9595, 10286 )
( 9600, 10293 )
( 9605, 10299 )
( 9610, 10306 )
( 9615, 10312 )
( 9620, 10319 )
( 9625, 10326 )
( 9630, 10332 )
( 9635, 10339 )
( 9640, 10346 )
( 9645, 10352 )
( 9650, 10359 )
( 9655, 10366 )
( 9660, 10373 )
( 9665, 10379 )
( 9670, 10386 )
( 9675, 10392 )
( 9680, 10399 )
( 9685, 10406 )
( 9690, 10412 )
( 9695, 10418 )
( 9700, 10425 )
( 9705, 10432 )
( 9710, 10438 )
( 9715, 10444 )
( 9720, 10449 )
( 9725, 10455 )
( 9730, 10462 )
( 9735, 10468 )
( 9740, 10473 )
( 9745, 10479 )
( 9750, 10486 )
( 9755, 10492 )
( 9760, 10498 )
( 9765, 10504 )
( 9770, 10511 )
( 9775, 10516 )
( 9780, 10522 )
( 9785, 10527 )
( 9790, 10533 )
( 9795, 10538 )
( 9800, 10544 )
( 9805, 10550 )
( 9810, 10555 )
( 9815, 10560 )
( 9820, 10566 )
( 9825, 10572 )
( 9830, 10578 )
( 9835, 10584 )
( 9840, 10590 )
( 9845, 10595 )
( 9850, 10600 )
( 9855, 10606 )
( 9860, 10610 )
( 9865, 10615 )
( 9870, 10621 )
( 9875, 10627 )
( 9880, 10633 )
( 9885, 10639 )
( 9890, 10645 )
( 9895, 10650 )
( 9900, 10656 )
( 9905, 10662 )
( 9910, 10668 )
( 9915, 10674 )
( 9920, 10679 )
( 9925, 10684 )
( 9930, 10689 )
( 9935, 10695 )
( 9940, 10701 )
( 9945, 10707 )
( 9950, 10713 )
( 9955, 10718 )
( 9960, 10722 )
( 9965, 10728 )
( 9970, 10734 )
( 9975, 10740 )
( 9980, 10746 )
( 9985, 10752 )
( 9990, 10758 )
( 9995, 10763 )
( 10000, 10769 )
( 10005, 10775 )
( 10010, 10781 )
( 10015, 10787 )
( 10020, 10793 )
( 10025, 10798 )
( 10030, 10802 )
( 10035, 10808 )
( 10040, 10813 )
( 10045, 10819 )
( 10050, 10824 )
( 10055, 10830 )
( 10060, 10836 )
( 10065, 10841 )
( 10070, 10847 )
( 10075, 10854 )
( 10080, 10860 )
( 10085, 10866 )
( 10090, 10871 )
( 10095, 10876 )
( 10100, 10882 )
( 10105, 10888 )
( 10110, 10893 )
( 10115, 10899 )
( 10120, 10905 )
( 10125, 10911 )
( 10130, 10917 )
( 10135, 10923 )
( 10140, 10928 )
( 10145, 10934 )
( 10150, 10939 )
( 10155, 10945 )
( 10160, 10952 )
( 10165, 10957 )
( 10170, 10964 )
( 10175, 10969 )
( 10180, 10975 )
( 10185, 10980 )
( 10190, 10986 )
( 10195, 10992 )
( 10200, 10997 )
( 10205, 11002 )
( 10210, 11007 )
( 10215, 11012 )
( 10220, 11017 )
( 10225, 11022 )
( 10230, 11026 )
( 10235, 11031 )
( 10240, 11035 )
( 10245, 11040 )
( 10250, 11045 )
( 10255, 11049 )
( 10260, 11054 )
( 10265, 11059 )
( 10270, 11065 )
( 10275, 11070 )
( 10280, 11075 )
( 10285, 11080 )
( 10290, 11085 )
( 10295, 11091 )
( 10300, 11095 )
( 10305, 11100 )
( 10310, 11104 )
( 10315, 11109 )
( 10320, 11114 )
( 10325, 11118 )
( 10330, 11122 )
( 10335, 11127 )
( 10340, 11132 )
( 10345, 11137 )
( 10350, 11143 )
( 10355, 11148 )
( 10360, 11154 )
( 10365, 11159 )
( 10370, 11163 )
( 10375, 11168 )
( 10380, 11173 )
( 10385, 11179 )
( 10390, 11183 )
( 10395, 11188 )
( 10400, 11193 )
( 10405, 11197 )
( 10410, 11202 )
( 10415, 11207 )
( 10420, 11212 )
( 10425, 11218 )
( 10430, 11222 )
( 10435, 11226 )
( 10440, 11231 )
( 10445, 11235 )
( 10450, 11240 )
( 10455, 11244 )
( 10460, 11249 )
( 10465, 11255 )
( 10470, 11260 )
( 10475, 11265 )
( 10480, 11270 )
( 10485, 11274 )
( 10490, 11279 )
( 10495, 11284 )
( 10500, 11289 )
( 10505, 11294 )
( 10510, 11299 )
( 10515, 11303 )
( 10520, 11308 )
( 10525, 11312 )
( 10530, 11317 )
( 10535, 11321 )
( 10540, 11325 )
( 10545, 11330 )
( 10550, 11335 )
( 10555, 11339 )
( 10560, 11344 )
( 10565, 11348 )
( 10570, 11353 )
( 10575, 11357 )
( 10580, 11361 )
( 10585, 11366 )
( 10590, 11371 )
( 10595, 11375 )
( 10600, 11379 )
( 10605, 11384 )
( 10610, 11388 )
( 10615, 11392 )
( 10620, 11396 )
( 10625, 11400 )
( 10630, 11404 )
( 10635, 11409 )
( 10640, 11414 )
( 10645, 11419 )
( 10650, 11424 )
( 10655, 11429 )
( 10660, 11434 )
( 10665, 11438 )
( 10670, 11443 )
( 10675, 11448 )
( 10680, 11453 )
( 10685, 11458 )
( 10690, 11461 )
( 10695, 11466 )
( 10700, 11471 )
( 10705, 11475 )
( 10710, 11479 )
( 10715, 11484 )
( 10720, 11488 )
( 10725, 11493 )
( 10730, 11497 )
( 10735, 11501 )
( 10740, 11507 )
( 10745, 11511 )
( 10750, 11515 )
( 10755, 11520 )
( 10760, 11525 )
( 10765, 11529 )
( 10770, 11533 )
( 10775, 11538 )
( 10780, 11543 )
( 10785, 11547 )
( 10790, 11551 )
( 10795, 11556 )
( 10800, 11561 )
( 10805, 11566 )
( 10810, 11570 )
( 10815, 11575 )
( 10820, 11579 )
( 10825, 11584 )
( 10830, 11589 )
( 10835, 11593 )
( 10840, 11597 )
( 10845, 11603 )
( 10850, 11608 )
( 10855, 11613 )
( 10860, 11617 )
( 10865, 11621 )
( 10870, 11626 )
( 10875, 11630 )
( 10880, 11635 )
( 10885, 11640 )
( 10890, 11644 )
( 10895, 11649 )
( 10900, 11653 )
( 10905, 11659 )
( 10910, 11663 )
( 10915, 11668 )
( 10920, 11673 )
( 10925, 11677 )
( 10930, 11681 )
( 10935, 11685 )
( 10940, 11689 )
( 10945, 11693 )
( 10950, 11697 )
( 10955, 11702 )
( 10960, 11706 )
( 10965, 11710 )
( 10970, 11713 )
( 10975, 11718 )
( 10980, 11722 )
( 10985, 11726 )
( 10990, 11730 )
( 10995, 11735 )
( 11000, 11740 )
( 11005, 11744 )
( 11010, 11748 )
( 11015, 11753 )
( 11020, 11757 )
( 11025, 11761 )
( 11030, 11765 )
( 11035, 11769 )
( 11040, 11774 )
( 11045, 11778 )
( 11050, 11782 )
( 11055, 11787 )
( 11060, 11791 )
( 11065, 11796 )
( 11070, 11800 )
( 11075, 11804 )
( 11080, 11808 )
( 11085, 11812 )
( 11090, 11817 )
( 11095, 11821 )
( 11100, 11825 )
( 11105, 11829 )
( 11110, 11833 )
( 11115, 11837 )
( 11120, 11842 )
( 11125, 11847 )
( 11130, 11852 )
( 11135, 11857 )
( 11140, 11860 )
( 11145, 11864 )
( 11150, 11869 )
( 11155, 11874 )
( 11160, 11878 )
( 11165, 11883 )
( 11170, 11887 )
( 11175, 11893 )
( 11180, 11897 )
( 11185, 11902 )
( 11190, 11907 )
( 11195, 11911 )
( 11200, 11915 )
( 11205, 11919 )
( 11210, 11925 )
( 11215, 11930 )
( 11220, 11935 )
( 11225, 11939 )
( 11230, 11943 )
( 11235, 11948 )
( 11240, 11952 )
( 11245, 11957 )
( 11250, 11962 )
( 11255, 11967 )
( 11260, 11971 )
( 11265, 11976 )
( 11270, 11980 )
( 11275, 11984 )
( 11280, 11989 )
( 11285, 11993 )
( 11290, 11997 )
( 11295, 12003 )
( 11300, 12007 )
( 11305, 12012 )
( 11310, 12016 )
( 11315, 12020 )
( 11320, 12025 )
( 11325, 12029 )
( 11330, 12032 )
( 11335, 12037 )
( 11340, 12041 )
( 11345, 12045 )
( 11350, 12049 )
( 11355, 12054 )
( 11360, 12058 )
( 11365, 12062 )
( 11370, 12067 )
( 11375, 12071 )
( 11380, 12075 )
( 11385, 12080 )
( 11390, 12084 )
( 11395, 12088 )
( 11400, 12092 )
( 11405, 12096 )
( 11410, 12100 )
( 11415, 12104 )
( 11420, 12108 )
( 11425, 12112 )
( 11430, 12116 )
( 11435, 12120 )
( 11440, 12126 )
( 11445, 12130 )
( 11450, 12135 )
( 11455, 12139 )
( 11460, 12143 )
( 11465, 12148 )
( 11470, 12153 )
( 11475, 12158 )
( 11480, 12163 )
( 11485, 12167 )
( 11490, 12171 )
( 11495, 12175 )
( 11500, 12180 )
( 11505, 12184 )
( 11510, 12189 )
( 11515, 12193 )
( 11520, 12197 )
( 11525, 12202 )
( 11530, 12206 )
( 11535, 12211 )
( 11540, 12216 )
( 11545, 12221 )
( 11550, 12224 )
( 11555, 12229 )
( 11560, 12233 )
( 11565, 12238 )
( 11570, 12243 )
( 11575, 12248 )
( 11580, 12253 )
( 11585, 12257 )
( 11590, 12262 )
( 11595, 12267 )
( 11600, 12272 )
( 11605, 12276 )
( 11610, 12280 )
( 11615, 12286 )
( 11620, 12291 )
( 11625, 12296 )
( 11630, 12300 )
( 11635, 12305 )
( 11640, 12309 )
( 11645, 12313 )
( 11650, 12317 )
( 11655, 12323 )
( 11660, 12327 )
( 11665, 12332 )
( 11670, 12336 )
( 11675, 12339 )
( 11680, 12344 )
( 11685, 12347 )
( 11690, 12351 )
( 11695, 12355 )
( 11700, 12359 )
( 11705, 12363 )
( 11710, 12367 )
( 11715, 12371 )
( 11720, 12375 )
( 11725, 12380 )
( 11730, 12385 )
( 11735, 12390 )
( 11740, 12395 )
( 11745, 12399 )
( 11750, 12403 )
( 11755, 12407 )
( 11760, 12412 )
( 11765, 12416 )
( 11770, 12420 )
( 11775, 12425 )
( 11780, 12429 )
( 11785, 12433 )
( 11790, 12438 )
( 11795, 12441 )
( 11800, 12445 )
( 11805, 12449 )
( 11810, 12452 )
( 11815, 12456 )
( 11820, 12461 )
( 11825, 12465 )
( 11830, 12469 )
( 11835, 12473 )
( 11840, 12477 )
( 11845, 12481 )
( 11850, 12486 )
( 11855, 12490 )
( 11860, 12494 )
( 11865, 12499 )
( 11870, 12504 )
( 11875, 12508 )
( 11880, 12512 )
( 11885, 12517 )
( 11890, 12521 )
( 11895, 12526 )
( 11900, 12531 )
( 11905, 12536 )
( 11910, 12541 )
( 11915, 12546 )
( 11920, 12551 )
( 11925, 12556 )
( 11930, 12561 )
( 11935, 12567 )
( 11940, 12572 )
( 11945, 12576 )
( 11950, 12580 )
( 11955, 12585 )
( 11960, 12590 )
( 11965, 12595 )
( 11970, 12600 )
( 11975, 12605 )
( 11980, 12609 )
( 11985, 12614 )
( 11990, 12618 )
( 11995, 12624 )
( 12000, 12629 )
( 12005, 12634 )
( 12010, 12638 )
( 12015, 12643 )
( 12020, 12648 )
( 12025, 12653 )
( 12030, 12659 )
( 12035, 12664 )
( 12040, 12669 )
( 12045, 12674 )
( 12050, 12678 )
( 12055, 12683 )
( 12060, 12688 )
( 12065, 12693 )
( 12070, 12697 )
( 12075, 12701 )
( 12080, 12705 )
( 12085, 12709 )
( 12090, 12713 )
( 12095, 12718 )
( 12100, 12723 )
( 12105, 12727 )
( 12110, 12732 )
( 12115, 12736 )
( 12120, 12740 )
( 12125, 12744 )
( 12130, 12748 )
( 12135, 12752 )
( 12140, 12757 )
( 12145, 12760 )
( 12150, 12765 )
( 12155, 12771 )
( 12160, 12775 )
( 12165, 12779 )
( 12170, 12784 )
( 12175, 12789 )
( 12180, 12794 )
( 12185, 12798 )
( 12190, 12804 )
( 12195, 12808 )
( 12200, 12814 )
( 12205, 12818 )
( 12210, 12823 )
( 12215, 12827 )
( 12220, 12832 )
( 12225, 12837 )
( 12230, 12842 )
( 12235, 12847 )
( 12240, 12852 )
( 12245, 12856 )
( 12250, 12860 )
( 12255, 12865 )
( 12260, 12869 )
( 12265, 12873 )
( 12270, 12879 )
( 12275, 12884 )
( 12280, 12889 )
( 12285, 12894 )
( 12290, 12899 )
( 12295, 12904 )
( 12300, 12908 )
( 12305, 12913 )
( 12310, 12918 )
( 12315, 12923 )
( 12320, 12926 )
( 12325, 12931 )
( 12330, 12936 )
( 12335, 12941 )
( 12340, 12946 )
( 12345, 12951 )
( 12350, 12956 )
( 12355, 12961 )
( 12360, 12966 )
( 12365, 12971 )
( 12370, 12977 )
( 12375, 12982 )
( 12380, 12987 )
( 12385, 12992 )
( 12390, 12996 )
( 12395, 13001 )
( 12400, 13006 )
( 12405, 13012 )
( 12410, 13016 )
( 12415, 13020 )
( 12420, 13026 )
( 12425, 13030 )
( 12430, 13036 )
( 12435, 13041 )
( 12440, 13046 )
( 12445, 13051 )
( 12450, 13056 )
( 12455, 13062 )
( 12460, 13067 )
( 12465, 13072 )
( 12470, 13078 )
( 12475, 13084 )
( 12480, 13089 )
( 12485, 13094 )
( 12490, 13099 )
( 12495, 13103 )
( 12500, 13108 )
( 12505, 13114 )
( 12510, 13118 )
( 12515, 13123 )
( 12520, 13127 )
( 12525, 13132 )
( 12530, 13136 )
( 12535, 13141 )
( 12540, 13146 )
( 12545, 13150 )
( 12550, 13155 )
( 12555, 13160 )
( 12560, 13165 )
( 12565, 13170 )
( 12570, 13175 )
( 12575, 13180 )
( 12580, 13185 )
( 12585, 13189 )
( 12590, 13194 )
( 12595, 13198 )
( 12600, 13202 )
( 12605, 13207 )
( 12610, 13213 )
( 12615, 13218 )
( 12620, 13222 )
( 12625, 13226 )
( 12630, 13231 )
( 12635, 13235 )
( 12640, 13240 )
( 12645, 13245 )
( 12650, 13250 )
( 12655, 13255 )
( 12660, 13260 )
( 12665, 13265 )
( 12670, 13270 )
( 12675, 13275 )
( 12680, 13281 )
( 12685, 13286 )
( 12690, 13292 )
( 12695, 13296 )
( 12700, 13301 )
( 12705, 13306 )
( 12710, 13311 )
( 12715, 13315 )
( 12720, 13320 )
( 12725, 13326 )
( 12730, 13330 )
( 12735, 13334 )
( 12740, 13339 )
( 12745, 13344 )
( 12750, 13350 )
( 12755, 13355 )
( 12760, 13361 )
( 12765, 13367 )
( 12770, 13372 )
( 12775, 13377 )
( 12780, 13382 )
( 12785, 13388 )
( 12790, 13394 )
( 12795, 13399 )
( 12800, 13404 )
( 12805, 13409 )
( 12810, 13414 )
( 12815, 13418 )
( 12820, 13423 )
( 12825, 13428 )
( 12830, 13433 )
( 12835, 13438 )
( 12840, 13444 )
( 12845, 13449 )
( 12850, 13455 )
( 12855, 13461 )
( 12860, 13467 )
( 12865, 13471 )
( 12870, 13476 )
( 12875, 13480 )
( 12880, 13485 )
( 12885, 13490 )
( 12890, 13496 )
( 12895, 13501 )
( 12900, 13506 )
( 12905, 13511 )
( 12910, 13516 )
( 12915, 13521 )
( 12920, 13525 )
( 12925, 13530 )
( 12930, 13534 )
( 12935, 13540 )
( 12940, 13546 )
( 12945, 13552 )
( 12950, 13557 )
( 12955, 13563 )
( 12960, 13567 )
( 12965, 13572 )
( 12970, 13577 )
( 12975, 13582 )
( 12980, 13587 )
( 12985, 13592 )
( 12990, 13597 )
( 12995, 13603 )
( 13000, 13608 )
( 13005, 13613 )
( 13010, 13618 )
( 13015, 13623 )
( 13020, 13628 )
( 13025, 13634 )
( 13030, 13638 )
( 13035, 13644 )
( 13040, 13648 )
( 13045, 13653 )
( 13050, 13659 )
( 13055, 13664 )
( 13060, 13669 )
( 13065, 13673 )
( 13070, 13678 )
( 13075, 13684 )
( 13080, 13689 )
( 13085, 13694 )
( 13090, 13700 )
( 13095, 13705 )
( 13100, 13710 )
( 13105, 13715 )
( 13110, 13721 )
( 13115, 13728 )
( 13120, 13734 )
( 13125, 13741 )
( 13130, 13747 )
( 13135, 13753 )
( 13140, 13759 )
( 13145, 13764 )
( 13150, 13770 )
( 13155, 13776 )
( 13160, 13781 )
( 13165, 13786 )
( 13170, 13792 )
( 13175, 13797 )
( 13180, 13803 )
( 13185, 13808 )
( 13190, 13814 )
( 13195, 13820 )
( 13200, 13825 )
( 13205, 13831 )
( 13210, 13746 )
( 13215, 13751 )
( 13220, 13756 )
( 13225, 13762 )
( 13230, 13767 )
( 13235, 13773 )
( 13240, 13779 )
( 13245, 13784 )
( 13250, 13789 )
( 13255, 13795 )
( 13260, 13800 )
( 13265, 13805 )
( 13270, 13811 )
( 13275, 13816 )
( 13280, 13822 )
( 13285, 13826 )
( 13290, 13832 )
( 13295, 13837 )
( 13300, 13843 )
( 13305, 13848 )
( 13310, 13854 )
( 13315, 13859 )
( 13320, 13864 )
( 13325, 13869 )
( 13330, 13875 )
( 13335, 13880 )
( 13340, 13885 )
( 13345, 13890 )
( 13350, 13895 )
( 13355, 13900 )
( 13360, 13905 )
( 13365, 13910 )
( 13370, 13915 )
( 13375, 13920 )
( 13380, 13925 )
( 13385, 13931 )
( 13390, 13936 )
( 13395, 13941 )
( 13400, 13947 )
( 13405, 13952 )
( 13410, 13957 )
( 13415, 13962 )
( 13420, 13967 )
( 13425, 13972 )
( 13430, 13977 )
( 13435, 13982 )
( 13440, 13988 )
( 13445, 13993 )
( 13450, 13999 )
( 13455, 14004 )
( 13460, 14009 )
( 13465, 14014 )
( 13470, 14020 )
( 13475, 14025 )
( 13480, 14030 )
( 13485, 14035 )
( 13490, 14040 )
( 13495, 14046 )
( 13500, 14051 )
( 13505, 14056 )
( 13510, 14062 )
( 13515, 14067 )
( 13520, 14073 )
( 13525, 14079 )
( 13530, 14085 )
( 13535, 14090 )
( 13540, 14096 )
( 13545, 14101 )
( 13550, 14106 )
( 13555, 14112 )
( 13560, 14117 )
( 13565, 14121 )
( 13570, 14127 )
( 13575, 14133 )
( 13580, 14138 )
( 13585, 14144 )
( 13590, 14150 )
( 13595, 14155 )
( 13600, 14160 )
( 13605, 14166 )
( 13610, 14172 )
( 13615, 14178 )
( 13620, 14184 )
( 13625, 14190 )
( 13630, 14197 )
( 13635, 14203 )
( 13640, 14209 )
( 13645, 14214 )
( 13650, 14220 )
( 13655, 14227 )
( 13660, 14232 )
( 13665, 14237 )
( 13670, 14243 )
( 13675, 14249 )
( 13680, 14255 )
( 13685, 14260 )
( 13690, 14266 )
( 13695, 14270 )
( 13700, 14275 )
( 13705, 14281 )
( 13710, 14286 )
( 13715, 14292 )
( 13720, 14298 )
( 13725, 14303 )
( 13730, 14309 )
( 13735, 14314 )
( 13740, 14319 )
( 13745, 14325 )
( 13750, 14331 )
( 13755, 14337 )
( 13760, 14342 )
( 13765, 14347 )
( 13770, 14352 )
( 13775, 14357 )
( 13780, 14362 )
( 13785, 14368 )
( 13790, 14374 )
( 13795, 14379 )
( 13800, 14386 )
( 13805, 14392 )
( 13810, 14398 )
( 13815, 14405 )
( 13820, 14411 )
( 13825, 14416 )
( 13830, 14421 )
( 13835, 14426 )
( 13840, 14431 )
( 13845, 14437 )
( 13850, 14443 )
( 13855, 14448 )
( 13860, 14454 )
( 13865, 14459 )
( 13870, 14464 )
( 13875, 14470 )
( 13880, 14476 )
( 13885, 14482 )
( 13890, 14488 )
( 13895, 14494 )
( 13900, 14500 )
( 13905, 14505 )
( 13910, 14510 )
( 13915, 14516 )
( 13920, 14521 )
( 13925, 14526 )
( 13930, 14531 )
( 13935, 14536 )
( 13940, 14541 )
( 13945, 14547 )
( 13950, 14553 )
( 13955, 14558 )
( 13960, 14565 )
( 13965, 14570 )
( 13970, 14575 )
( 13975, 14581 )
( 13980, 14586 )
( 13985, 14592 )
( 13990, 14598 )
( 13995, 14603 )
( 14000, 14610 )
( 14005, 14616 )
( 14010, 14621 )
( 14015, 14627 )
( 14020, 14633 )
( 14025, 14638 )
( 14030, 14643 )
( 14035, 14648 )
( 14040, 14653 )
( 14045, 14658 )
( 14050, 14664 )
( 14055, 14669 )
( 14060, 14675 )
( 14065, 14681 )
( 14070, 14687 )
( 14075, 14693 )
( 14080, 14698 )
( 14085, 14704 )
( 14090, 14709 )
( 14095, 14714 )
( 14100, 14719 )
( 14105, 14723 )
( 14110, 14729 )
( 14115, 14734 )
( 14120, 14739 )
( 14125, 14745 )
( 14130, 14751 )
( 14135, 14756 )
( 14140, 14761 )
( 14145, 14766 )
( 14150, 14771 )
( 14155, 14776 )
( 14160, 14782 )
( 14165, 14787 )
( 14170, 14793 )
( 14175, 14798 )
( 14180, 14803 )
( 14185, 14807 )
( 14190, 14812 )
( 14195, 14818 )
( 14200, 14823 )
( 14205, 14829 )
( 14210, 14834 )
( 14215, 14839 )
( 14220, 14845 )
( 14225, 14852 )
( 14230, 14858 )
( 14235, 14863 )
( 14240, 14868 )
( 14245, 14874 )
( 14250, 14880 )
( 14255, 14886 )
( 14260, 14891 )
( 14265, 14897 )
( 14270, 14903 )
( 14275, 14909 )
( 14280, 14914 )
( 14285, 14919 )
( 14290, 14925 )
( 14295, 14931 )
( 14300, 14936 )
( 14305, 14942 )
( 14310, 14947 )
( 14315, 14953 )
( 14320, 14958 )
( 14325, 14963 )
( 14330, 14968 )
( 14335, 14974 )
( 14340, 14979 )
( 14345, 14985 )
( 14350, 14990 )
( 14355, 14997 )
( 14360, 15002 )
( 14365, 15007 )
( 14370, 15013 )
( 14375, 15018 )
( 14380, 15024 )
( 14385, 15030 )
( 14390, 15035 )
( 14395, 15041 )
( 14400, 15047 )
( 14405, 15052 )
( 14410, 15057 )
( 14415, 15062 )
( 14420, 15068 )
( 14425, 15074 )
( 14430, 15079 )
( 14435, 15084 )
( 14440, 15089 )
( 14445, 15094 )
( 14450, 15099 )
( 14455, 15105 )
( 14460, 15111 )
( 14465, 15117 )
( 14470, 15122 )
( 14475, 15127 )
( 14480, 15133 )
( 14485, 15138 )
( 14490, 15144 )
( 14495, 15150 )
( 14500, 15156 )
( 14505, 15162 )
( 14510, 15168 )
( 14515, 15174 )
( 14520, 15179 )
( 14525, 15185 )
( 14530, 15190 )
( 14535, 15196 )
( 14540, 15201 )
( 14545, 15208 )
( 14550, 15214 )
( 14555, 15219 )
( 14560, 15225 )
( 14565, 15231 )
( 14570, 15236 )
( 14575, 15243 )
( 14580, 15249 )
( 14585, 15254 )
( 14590, 15260 )
( 14595, 15265 )
( 14600, 15270 )
( 14605, 15276 )
( 14610, 15281 )
( 14615, 15287 )
( 14620, 15292 )
( 14625, 15299 )
( 14630, 15303 )
( 14635, 15308 )
( 14640, 15314 )
( 14645, 15319 )
( 14650, 15325 )
( 14655, 15330 )
( 14660, 15336 )
( 14665, 15342 )
( 14670, 15348 )
( 14675, 15354 )
( 14680, 15360 )
( 14685, 15366 )
( 14690, 15371 )
( 14695, 15377 )
( 14700, 15382 )
( 14705, 15387 )
( 14710, 15392 )
( 14715, 15397 )
( 14720, 15402 )
( 14725, 15407 )
( 14730, 15412 )
( 14735, 15418 )
( 14740, 15424 )
( 14745, 15429 )
( 14750, 15435 )
( 14755, 15440 )
( 14760, 15446 )
( 14765, 15452 )
( 14770, 15457 )
( 14775, 15462 )
( 14780, 15468 )
( 14785, 15475 )
( 14790, 15481 )
( 14795, 15486 )
( 14800, 15492 )
( 14805, 15498 )
( 14810, 15503 )
( 14815, 15509 )
( 14820, 15514 )
( 14825, 15519 )
( 14830, 15525 )
( 14835, 15531 )
( 14840, 15536 )
( 14845, 15541 )
( 14850, 15547 )
( 14855, 15552 )
( 14860, 15557 )
( 14865, 15562 )
( 14870, 15567 )
( 14875, 15571 )
( 14880, 15576 )
( 14885, 15581 )
( 14890, 15587 )
( 14895, 15591 )
( 14900, 15596 )
( 14905, 15601 )
( 14910, 15607 )
( 14915, 15612 )
( 14920, 15617 )
( 14925, 15622 )
( 14930, 15627 )
( 14935, 15632 )
( 14940, 15637 )
( 14945, 15643 )
( 14950, 15648 )
( 14955, 15653 )
( 14960, 15659 )
( 14965, 15664 )
( 14970, 15670 )
( 14975, 15676 )
( 14980, 15682 )
( 14985, 15688 )
( 14990, 15693 )
( 14995, 15699 )
( 15000, 15704 )
( 15005, 15709 )
( 15010, 15714 )
( 15015, 15719 )
( 15020, 15725 )
( 15025, 15730 )
( 15030, 15735 )
( 15035, 15740 )
( 15040, 15745 )
( 15045, 15751 )
( 15050, 15756 )
( 15055, 15761 )
( 15060, 15766 )
( 15065, 15771 )
( 15070, 15777 )
( 15075, 15782 )
( 15080, 15788 )
( 15085, 15793 )
( 15090, 15799 )
( 15095, 15804 )
( 15100, 15809 )
( 15105, 15814 )
( 15110, 15819 )
( 15115, 15824 )
( 15120, 15830 )
( 15125, 15834 )
( 15130, 15839 )
( 15135, 15845 )
( 15140, 15849 )
( 15145, 15855 )
( 15150, 15860 )
( 15155, 15864 )
( 15160, 15870 )
( 15165, 15875 )
( 15170, 15881 )
( 15175, 15886 )
( 15180, 15891 )
( 15185, 15896 )
( 15190, 15900 )
( 15195, 15906 )
( 15200, 15911 )
( 15205, 15917 )
( 15210, 15922 )
( 15215, 15926 )
( 15220, 15931 )
( 15225, 15937 )
( 15230, 15942 )
( 15235, 15947 )
( 15240, 15953 )
( 15245, 15958 )
( 15250, 15963 )
( 15255, 15968 )
( 15260, 15973 )
( 15265, 15978 )
( 15270, 15983 )
( 15275, 15988 )
( 15280, 15993 )
( 15285, 15998 )
( 15290, 16003 )
( 15295, 16009 )
( 15300, 16014 )
( 15305, 16019 )
( 15310, 16024 )
( 15315, 16029 )
( 15320, 16033 )
( 15325, 16038 )
( 15330, 16043 )
( 15335, 16047 )
( 15340, 16052 )
( 15345, 16057 )
( 15350, 16063 )
( 15355, 16068 )
( 15360, 16073 )
( 15365, 16078 )
( 15370, 16083 )
( 15375, 16088 )
( 15380, 16093 )
( 15385, 16097 )
( 15390, 16103 )
( 15395, 16108 )
( 15400, 16113 )
( 15405, 16118 )
( 15410, 16124 )
( 15415, 16129 )
( 15420, 16134 )
( 15425, 16140 )
( 15430, 16145 )
( 15435, 16150 )
( 15440, 16155 )
( 15445, 16160 )
( 15450, 16164 )
( 15455, 16169 )
( 15460, 16174 )
( 15465, 16179 )
( 15470, 16183 )
( 15475, 16188 )
( 15480, 16192 )
( 15485, 16197 )
( 15490, 16201 )
( 15495, 16206 )
( 15500, 16210 )
( 15505, 16215 )
( 15510, 16220 )
( 15515, 16225 )
( 15520, 16230 )
( 15525, 16234 )
( 15530, 16239 )
( 15535, 16244 )
( 15540, 16248 )
( 15545, 16253 )
( 15550, 16257 )
( 15555, 16261 )
( 15560, 16265 )
( 15565, 16269 )
( 15570, 16274 )
( 15575, 16278 )
( 15580, 16283 )
( 15585, 16288 )
( 15590, 16293 )
( 15595, 16298 )
( 15600, 16303 )
( 15605, 16308 )
( 15610, 16313 )
( 15615, 16318 )
( 15620, 16323 )
( 15625, 16327 )
( 15630, 16332 )
( 15635, 16336 )
( 15640, 16342 )
( 15645, 16347 )
( 15650, 16352 )
( 15655, 16356 )
( 15660, 16361 )
( 15665, 16366 )
( 15670, 16370 )
( 15675, 16376 )
( 15680, 16380 )
( 15685, 16385 )
( 15690, 16390 )
( 15695, 16395 )
( 15700, 16400 )
( 15705, 16405 )
( 15710, 16409 )
( 15715, 16414 )
( 15720, 16419 )
( 15725, 16424 )
( 15730, 16429 )
( 15735, 16434 )
( 15740, 16438 )
( 15745, 16444 )
( 15750, 16448 )
( 15755, 16453 )
( 15760, 16458 )
( 15765, 16463 )
( 15770, 16467 )
( 15775, 16473 )
( 15780, 16478 )
( 15785, 16483 )
( 15790, 16487 )
( 15795, 16492 )
( 15800, 16497 )
( 15805, 16502 )
( 15810, 16506 )
( 15815, 16510 )
( 15820, 16515 )
( 15825, 16519 )
( 15830, 16523 )
( 15835, 16528 )
( 15840, 16532 )
( 15845, 16536 )
( 15850, 16542 )
( 15855, 16546 )
( 15860, 16551 )
( 15865, 16555 )
( 15870, 16559 )
( 15875, 16563 )
( 15880, 16567 )
( 15885, 16572 )
( 15890, 16576 )
( 15895, 16581 )
( 15900, 16587 )
( 15905, 16592 )
( 15910, 16596 )
( 15915, 16600 )
( 15920, 16605 )
( 15925, 16609 )
( 15930, 16613 )
( 15935, 16617 )
( 15940, 16621 )
( 15945, 16625 )
( 15950, 16629 )
( 15955, 16634 )
( 15960, 16639 )
( 15965, 16644 )
( 15970, 16649 )
( 15975, 16654 )
( 15980, 16659 )
( 15985, 16664 )
( 15990, 16668 )
( 15995, 16673 )
( 16000, 16677 )
( 16005, 16681 )
( 16010, 16685 )
( 16015, 16689 )
( 16020, 16694 )
( 16025, 16698 )
( 16030, 16702 )
( 16035, 16707 )
( 16040, 16711 )
( 16045, 16715 )
( 16050, 16720 )
( 16055, 16725 )
( 16060, 16729 )
( 16065, 16734 )
( 16070, 16738 )
( 16075, 16742 )
( 16080, 16746 )
( 16085, 16751 )
( 16090, 16756 )
( 16095, 16760 )
( 16100, 16764 )
( 16105, 16769 )
( 16110, 16773 )
( 16115, 16778 )
( 16120, 16782 )
( 16125, 16786 )
( 16130, 16790 )
( 16135, 16795 )
( 16140, 16800 )
( 16145, 16804 )
( 16150, 16809 )
( 16155, 16814 )
( 16160, 16817 )
( 16165, 16822 )
( 16170, 16827 )
( 16175, 16832 )
( 16180, 16836 )
( 16185, 16840 )
( 16190, 16845 )
( 16195, 16849 )
( 16200, 16854 )
( 16205, 16858 )
( 16210, 16863 )
( 16215, 16868 )
( 16220, 16872 )
( 16225, 16877 )
( 16230, 16881 )
( 16235, 16885 )
( 16240, 16889 )
( 16245, 16894 )
( 16250, 16898 )
( 16255, 16901 )
( 16260, 16906 )
( 16265, 16910 )
( 16270, 16913 )
( 16275, 16917 )
( 16280, 16921 )
( 16285, 16925 )
( 16290, 16929 )
( 16295, 16933 )
( 16300, 16938 )
( 16305, 16941 )
( 16310, 16945 )
( 16315, 16948 )
( 16320, 16952 )
( 16325, 16957 )
( 16330, 16961 )
( 16335, 16964 )
( 16340, 16968 )
( 16345, 16972 )
( 16350, 16976 )
( 16355, 16981 )
( 16360, 16985 )
( 16365, 16988 )
( 16370, 16992 )
( 16375, 16996 )
( 16380, 17000 )
( 16385, 17004 )
( 16390, 17007 )
( 16395, 17012 )
( 16400, 17016 )
( 16405, 17020 )
( 16410, 17025 )
( 16415, 17030 )
( 16420, 17036 )
( 16425, 17040 )
( 16430, 17045 )
( 16435, 17050 )
( 16440, 17054 )
( 16445, 17059 )
( 16450, 17063 )
( 16455, 17067 )
( 16460, 17072 )
( 16465, 17075 )
( 16470, 17080 )
( 16475, 17083 )
( 16480, 17086 )
( 16485, 17091 )
( 16490, 17095 )
( 16495, 17100 )
( 16500, 17105 )
( 16505, 17110 )
( 16510, 17114 )
( 16515, 17119 )
( 16520, 17123 )
( 16525, 17127 )
( 16530, 17131 )
( 16535, 17135 )
( 16540, 17140 )
( 16545, 17144 )
( 16550, 17147 )
( 16555, 17151 )
( 16560, 17156 )
( 16565, 17160 )
( 16570, 17165 )
( 16575, 17170 )
( 16580, 17174 )
( 16585, 17180 )
( 16590, 17185 )
( 16595, 17189 )
( 16600, 17194 )
( 16605, 17199 )
( 16610, 17203 )
( 16615, 17207 )
( 16620, 17212 )
( 16625, 17216 )
( 16630, 17220 )
( 16635, 17224 )
( 16640, 17229 )
( 16645, 17234 )
( 16650, 17238 )
( 16655, 17243 )
( 16660, 17247 )
( 16665, 17251 )
( 16670, 17255 )
( 16675, 17260 )
( 16680, 17263 )
( 16685, 17267 )
( 16690, 17271 )
( 16695, 17275 )
( 16700, 17278 )
( 16705, 17283 )
( 16710, 17287 )
( 16715, 17291 )
( 16720, 17295 )
( 16725, 17300 )
( 16730, 17303 )
( 16735, 17308 )
( 16740, 17312 )
( 16745, 17317 )
( 16750, 17320 )
( 16755, 17324 )
( 16760, 17327 )
( 16765, 17331 )
( 16770, 17335 )
( 16775, 17338 )
( 16780, 17341 )
( 16785, 17345 )
( 16790, 17349 )
( 16795, 17353 )
( 16800, 17357 )
( 16805, 17361 )
( 16810, 17365 )
( 16815, 17368 )
( 16820, 17373 )
( 16825, 17376 )
( 16830, 17380 )
( 16835, 17383 )
( 16840, 17389 )
( 16845, 17393 )
( 16850, 17397 )
( 16855, 17401 )
( 16860, 17406 )
( 16865, 17411 )
( 16870, 17415 )
( 16875, 17419 )
( 16880, 17423 )
( 16885, 17428 )
( 16890, 17431 )
( 16895, 17435 )
( 16900, 17440 )
( 16905, 17444 )
( 16910, 17448 )
( 16915, 17452 )
( 16920, 17456 )
( 16925, 17459 )
( 16930, 17463 )
( 16935, 17467 )
( 16940, 17471 )
( 16945, 17475 )
( 16950, 17479 )
( 16955, 17483 )
( 16960, 17487 )
( 16965, 17491 )
( 16970, 17496 )
( 16975, 17499 )
( 16980, 17503 )
( 16985, 17506 )
( 16990, 17510 )
( 16995, 17514 )
( 17000, 17518 )
( 17005, 17522 )
( 17010, 17527 )
( 17015, 17531 )
( 17020, 17536 )
( 17025, 17540 )
( 17030, 17546 )
( 17035, 17550 )
( 17040, 17554 )
( 17045, 17559 )
( 17050, 17562 )
( 17055, 17567 )
( 17060, 17571 )
( 17065, 17576 )
( 17070, 17579 )
( 17075, 17585 )
( 17080, 17589 )
( 17085, 17594 )
( 17090, 17598 )
( 17095, 17602 )
( 17100, 17606 )
( 17105, 17611 )
( 17110, 17616 )
( 17115, 17620 )
( 17120, 17624 )
( 17125, 17628 )
( 17130, 17633 )
( 17135, 17636 )
( 17140, 17640 )
( 17145, 17645 )
( 17150, 17649 )
( 17155, 17653 )
( 17160, 17657 )
( 17165, 17661 )
( 17170, 17665 )
( 17175, 17669 )
( 17180, 17673 )
( 17185, 17677 )
( 17190, 17681 )
( 17195, 17685 )
( 17200, 17689 )
( 17205, 17692 )
( 17210, 17696 )
( 17215, 17699 )
( 17220, 17703 )
( 17225, 17707 )
( 17230, 17712 )
( 17235, 17715 )
( 17240, 17719 )
( 17245, 17723 )
( 17250, 17726 )
( 17255, 17730 )
( 17260, 17734 )
( 17265, 17737 )
( 17270, 17741 )
( 17275, 17745 )
( 17280, 17749 )
( 17285, 17753 )
( 17290, 17758 )
( 17295, 17762 )
( 17300, 17766 )
( 17305, 17771 )
( 17310, 17775 )
( 17315, 17779 )
( 17320, 17782 )
( 17325, 17787 )
( 17330, 17791 )
( 17335, 17796 )
( 17340, 17800 )
( 17345, 17804 )
( 17350, 17808 )
( 17355, 17812 )
( 17360, 17816 )
( 17365, 17820 )
( 17370, 17824 )
( 17375, 17828 )
( 17380, 17832 )
( 17385, 17835 )
( 17390, 17839 )
( 17395, 17842 )
( 17400, 17846 )
( 17405, 17850 )
( 17410, 17853 )
( 17415, 17857 )
( 17420, 17861 )
( 17425, 17866 )
( 17430, 17870 )
( 17435, 17874 )
( 17440, 17878 )
( 17445, 17882 )
( 17450, 17886 )
( 17455, 17890 )
( 17460, 17895 )
( 17465, 17899 )
( 17470, 17903 )
( 17475, 17908 )
( 17480, 17912 )
( 17485, 17916 )
( 17490, 17920 )
( 17495, 17924 )
( 17500, 17928 )
( 17505, 17932 )
( 17510, 17937 )
( 17515, 17941 )
( 17520, 17945 )
( 17525, 17949 )
( 17530, 17953 )
( 17535, 17957 )
( 17540, 17961 )
( 17545, 17965 )
( 17550, 17969 )
( 17555, 17973 )
( 17560, 17978 )
( 17565, 17982 )
( 17570, 17986 )
( 17575, 17990 )
( 17580, 17994 )
( 17585, 17998 )
( 17590, 18002 )
( 17595, 18006 )
( 17600, 18010 )
( 17605, 18014 )
( 17610, 18019 )
( 17615, 18024 )
( 17620, 18029 )
( 17625, 18033 )
( 17630, 18038 )
( 17635, 18042 )
( 17640, 18046 )
( 17645, 18050 )
( 17650, 18054 )
( 17655, 18058 )
( 17660, 18061 )
( 17665, 18064 )
( 17670, 18068 )
( 17675, 18072 )
( 17680, 18076 )
( 17685, 18079 )
( 17690, 18083 )
( 17695, 18086 )
( 17700, 18089 )
( 17705, 18094 )
( 17710, 18098 )
( 17715, 18101 )
( 17720, 18105 )
( 17725, 18110 )
( 17730, 18114 )
( 17735, 18118 )
( 17740, 18122 )
( 17745, 18127 )
( 17750, 18131 )
( 17755, 18136 )
( 17760, 18140 )
( 17765, 18145 )
( 17770, 18149 )
( 17775, 18153 )
( 17780, 18156 )
( 17785, 18160 )
( 17790, 18164 )
( 17795, 18168 )
( 17800, 18173 )
( 17805, 18178 )
( 17810, 18183 )
( 17815, 18187 )
( 17820, 18191 )
( 17825, 18195 )
( 17830, 18199 )
( 17835, 18202 )
( 17840, 18206 )
( 17845, 18210 )
( 17850, 18214 )
( 17855, 18218 )
( 17860, 18222 )
( 17865, 18226 )
( 17870, 18231 )
( 17875, 18235 )
( 17880, 18240 )
( 17885, 18244 )
( 17890, 18248 )
( 17895, 18252 )
( 17900, 18256 )
( 17905, 18260 )
( 17910, 18264 )
( 17915, 18267 )
( 17920, 18271 )
( 17925, 18275 )
( 17930, 18280 )
( 17935, 18284 )
( 17940, 18289 )
( 17945, 18292 )
( 17950, 18295 )
( 17955, 18300 )
( 17960, 18304 )
( 17965, 18309 )
( 17970, 18314 )
( 17975, 18317 )
( 17980, 18321 )
( 17985, 18326 )
( 17990, 18330 )
( 17995, 18334 )
( 18000, 18340 )
( 18005, 18344 )
( 18010, 18348 )
( 18015, 18351 )
( 18020, 18355 )
( 18025, 18360 )
( 18030, 18364 )
( 18035, 18367 )
( 18040, 18372 )
( 18045, 18376 )
( 18050, 18380 )
( 18055, 18385 )
( 18060, 18389 )
( 18065, 18395 )
( 18070, 18400 )
( 18075, 18404 )
( 18080, 18408 )
( 18085, 18412 )
( 18090, 18416 )
( 18095, 18420 )
( 18100, 18423 )
( 18105, 18428 )
( 18110, 18432 )
( 18115, 18437 )
( 18120, 18441 )
( 18125, 18445 )
( 18130, 18449 )
( 18135, 18453 )
( 18140, 18457 )
( 18145, 18462 )
( 18150, 18467 )
( 18155, 18471 )
( 18160, 18475 )
( 18165, 18480 )
( 18170, 18484 )
( 18175, 18488 )
( 18180, 18492 )
( 18185, 18496 )
( 18190, 18501 )
( 18195, 18505 )
( 18200, 18510 )
( 18205, 18514 )
( 18210, 18518 )
( 18215, 18523 )
( 18220, 18527 )
( 18225, 18531 )
( 18230, 18535 )
( 18235, 18540 )
( 18240, 18545 )
( 18245, 18550 )
( 18250, 18554 )
( 18255, 18558 )
( 18260, 18564 )
( 18265, 18569 )
( 18270, 18574 )
( 18275, 18578 )
( 18280, 18582 )
( 18285, 18586 )
( 18290, 18591 )
( 18295, 18596 )
( 18300, 18600 )
( 18305, 18604 )
( 18310, 18609 )
( 18315, 18613 )
( 18320, 18617 )
( 18325, 18622 )
( 18330, 18626 )
( 18335, 18630 )
( 18340, 18634 )
( 18345, 18638 )
( 18350, 18643 )
( 18355, 18648 )
( 18360, 18651 )
( 18365, 18655 )
( 18370, 18660 )
( 18375, 18664 )
( 18380, 18668 )
( 18385, 18672 )
( 18390, 18677 )
( 18395, 18681 )
( 18400, 18686 )
( 18405, 18690 )
( 18410, 18695 )
( 18415, 18699 )
( 18420, 18704 )
( 18425, 18710 )
( 18430, 18714 )
( 18435, 18718 )
( 18440, 18723 )
( 18445, 18728 )
( 18450, 18733 )
( 18455, 18738 )
( 18460, 18742 )
( 18465, 18745 )
( 18470, 18749 )
( 18475, 18753 )
( 18480, 18758 )
( 18485, 18763 )
( 18490, 18767 )
( 18495, 18771 )
( 18500, 18776 )
( 18505, 18781 )
( 18510, 18786 )
( 18515, 18792 )
( 18520, 18797 )
( 18525, 18801 )
( 18530, 18805 )
( 18535, 18810 )
( 18540, 18815 )
( 18545, 18819 )
( 18550, 18824 )
( 18555, 18828 )
( 18560, 18833 )
( 18565, 18838 )
( 18570, 18844 )
( 18575, 18849 )
( 18580, 18855 )
( 18585, 18859 )
( 18590, 18864 )
( 18595, 18869 )
( 18600, 18873 )
( 18605, 18878 )
( 18610, 18883 )
( 18615, 18888 )
( 18620, 18893 )
( 18625, 18898 )
( 18630, 18902 )
( 18635, 18906 )
( 18640, 18910 )
( 18645, 18915 )
( 18650, 18920 )
( 18655, 18925 )
( 18660, 18929 )
( 18665, 18933 )
( 18670, 18939 )
( 18675, 18944 )
( 18680, 18948 )
( 18685, 18952 )
( 18690, 18956 )
( 18695, 18961 )
( 18700, 18966 )
( 18705, 18971 )
( 18710, 18975 )
( 18715, 18979 )
( 18720, 18984 )
( 18725, 18987 )
( 18730, 18992 )
( 18735, 18998 )
( 18740, 19002 )
( 18745, 19007 )
( 18750, 19011 )
( 18755, 19017 )
( 18760, 19022 )
( 18765, 19028 )
( 18770, 19033 )
( 18775, 19039 )
( 18780, 19044 )
( 18785, 19048 )
( 18790, 19053 )
( 18795, 19058 )
( 18800, 19061 )
( 18805, 19066 )
( 18810, 19070 )
( 18815, 19075 )
( 18820, 19079 )
( 18825, 19084 )
( 18830, 19089 )
( 18835, 19094 )
( 18840, 19098 )
( 18845, 19103 )
( 18850, 19108 )
( 18855, 19114 )
( 18860, 19119 )
( 18865, 19123 )
( 18870, 19129 )
( 18875, 19134 )
( 18880, 19138 )
( 18885, 19143 )
( 18890, 19148 )
( 18895, 19153 )
( 18900, 19158 )
( 18905, 19163 )
( 18910, 19169 )
( 18915, 19174 )
( 18920, 19179 )
( 18925, 19186 )
( 18930, 19191 )
( 18935, 19195 )
( 18940, 19199 )
( 18945, 19205 )
( 18950, 19210 )
( 18955, 19216 )
( 18960, 19221 )
( 18965, 19227 )
( 18970, 19232 )
( 18975, 19237 )
( 18980, 19242 )
( 18985, 19248 )
( 18990, 19253 )
( 18995, 19257 )
( 19000, 19262 )
( 19005, 19266 )
( 19010, 19271 )
( 19015, 19275 )
( 19020, 19281 )
( 19025, 19286 )
( 19030, 19291 )
( 19035, 19295 )
( 19040, 19301 )
( 19045, 19306 )
( 19050, 19312 )
( 19055, 19318 )
( 19060, 19323 )
( 19065, 19328 )
( 19070, 19333 )
( 19075, 19339 )
( 19080, 19344 )
( 19085, 19349 )
( 19090, 19355 )
( 19095, 19359 )
( 19100, 19365 )
( 19105, 19371 )
( 19110, 19376 )
( 19115, 19381 )
( 19120, 19385 )
( 19125, 19390 )
( 19130, 19394 )
( 19135, 19399 )
( 19140, 19405 )
( 19145, 19410 )
( 19150, 19416 )
( 19155, 19421 )
( 19160, 19427 )
( 19165, 19432 )
( 19170, 19437 )
( 19175, 19442 )
( 19180, 19447 )
( 19185, 19452 )
( 19190, 19458 )
( 19195, 19464 )
( 19200, 19469 )
( 19205, 19474 )
( 19210, 19481 )
( 19215, 19486 )
( 19220, 19491 )
( 19225, 19496 )
( 19230, 19501 )
( 19235, 19505 )
( 19240, 19510 )
( 19245, 19515 )
( 19250, 19520 )
( 19255, 19526 )
( 19260, 19531 )
( 19265, 19537 )
( 19270, 19541 )
( 19275, 19547 )
( 19280, 19552 )
( 19285, 19557 )
( 19290, 19562 )
( 19295, 19566 )
( 19300, 19571 )
( 19305, 19576 )
( 19310, 19581 )
( 19315, 19588 )
( 19320, 19593 )
( 19325, 19599 )
( 19330, 19605 )
( 19335, 19611 )
( 19340, 19616 )
( 19345, 19621 )
( 19350, 19626 )
( 19355, 19631 )
( 19360, 19636 )
( 19365, 19642 )
( 19370, 19648 )
( 19375, 19653 )
( 19380, 19659 )
( 19385, 19664 )
( 19390, 19670 )
( 19395, 19676 )
( 19400, 19682 )
( 19405, 19687 )
( 19410, 19693 )
( 19415, 19697 )
( 19420, 19702 )
( 19425, 19707 )
( 19430, 19712 )
( 19435, 19719 )
( 19440, 19724 )
( 19445, 19730 )
( 19450, 19735 )
( 19455, 19740 )
( 19460, 19747 )
( 19465, 19752 )
( 19470, 19757 )
( 19475, 19762 )
( 19480, 19768 )
( 19485, 19773 )
( 19490, 19779 )
( 19495, 19785 )
( 19500, 19790 )
( 19505, 19796 )
( 19510, 19801 )
( 19515, 19806 )
( 19520, 19812 )
( 19525, 19817 )
( 19530, 19822 )
( 19535, 19828 )
( 19540, 19834 )
( 19545, 19840 )
( 19550, 19845 )
( 19555, 19850 )
( 19560, 19854 )
( 19565, 19859 )
( 19570, 19865 )
( 19575, 19870 )
( 19580, 19875 )
( 19585, 19881 )
( 19590, 19887 )
( 19595, 19893 )
( 19600, 19898 )
( 19605, 19903 )
( 19610, 19910 )
( 19615, 19916 )
( 19620, 19921 )
( 19625, 19926 )
( 19630, 19931 )
( 19635, 19936 )
( 19640, 19941 )
( 19645, 19947 )
( 19650, 19953 )
( 19655, 19958 )
( 19660, 19963 )
( 19665, 19968 )
( 19670, 19973 )
( 19675, 19979 )
( 19680, 19984 )
( 19685, 19989 )
( 19690, 19996 )
( 19695, 20002 )
( 19700, 20008 )
( 19705, 20013 )
( 19710, 20017 )
( 19715, 20023 )
( 19720, 20028 )
( 19725, 20033 )
( 19730, 20039 )
( 19735, 20044 )
( 19740, 20050 )
( 19745, 20056 )
( 19750, 20060 )
( 19755, 20065 )
( 19760, 20071 )
( 19765, 20076 )
( 19770, 20082 )
( 19775, 20087 )
( 19780, 20092 )
( 19785, 20098 )
( 19790, 20103 )
( 19795, 20108 )
( 19800, 20114 )
( 19805, 20119 )
( 19810, 20125 )
( 19815, 20130 )
( 19820, 20135 )
( 19825, 20140 )
( 19830, 20145 )
( 19835, 20150 )
( 19840, 20155 )
( 19845, 20161 )
( 19850, 20167 )
( 19855, 20172 )
( 19860, 20178 )
( 19865, 20183 )
( 19870, 20189 )
( 19875, 20195 )
( 19880, 20200 )
( 19885, 20205 )
( 19890, 20211 )
( 19895, 20216 )
( 19900, 20221 )
( 19905, 20225 )
( 19910, 20230 )
( 19915, 20235 )
( 19920, 20240 )
( 19925, 20245 )
( 19930, 20249 )
( 19935, 20254 )
( 19940, 20259 )
( 19945, 20265 )
( 19950, 20270 )
( 19955, 20275 )
( 19960, 20280 )
( 19965, 20285 )
( 19970, 20290 )
( 19975, 20296 )
( 19980, 20301 )
( 19985, 20306 )
( 19990, 20311 )
( 19995, 20316 )
( 20000, 20322 )
( 20005, 20327 )
( 20010, 20333 )
( 20015, 20339 )
( 20020, 20344 )
( 20025, 20349 )
( 20030, 20354 )
( 20035, 20359 )
( 20040, 20364 )
( 20045, 20369 )
( 20050, 20374 )
( 20055, 20379 )
( 20060, 20384 )
( 20065, 20389 )
( 20070, 20394 )
( 20075, 20400 )
( 20080, 20405 )
( 20085, 20411 )
( 20090, 20416 )
( 20095, 20422 )
( 20100, 20428 )
( 20105, 20433 )
( 20110, 20439 )
( 20115, 20444 )
( 20120, 20449 )
( 20125, 20455 )
( 20130, 20461 )
( 20135, 20466 )
( 20140, 20472 )
( 20145, 20478 )
( 20150, 20484 )
( 20155, 20489 )
( 20160, 20494 )
( 20165, 20499 )
( 20170, 20504 )
( 20175, 20509 )
( 20180, 20514 )
( 20185, 20519 )
( 20190, 20525 )
( 20195, 20531 )
( 20200, 20537 )
( 20205, 20543 )
( 20210, 20547 )
( 20215, 20553 )
( 20220, 20446 )
( 20225, 20451 )
( 20230, 20457 )
( 20235, 20461 )
( 20240, 20467 )
( 20245, 20472 )
( 20250, 20477 )
( 20255, 20481 )
( 20260, 20487 )
( 20265, 20492 )
( 20270, 20496 )
( 20275, 20502 )
( 20280, 20392 )
( 20285, 20397 )
( 20290, 20403 )
( 20295, 20408 )
( 20300, 20413 )
( 20305, 20418 )
( 20310, 20424 )
( 20315, 20430 )
( 20320, 20435 )
( 20325, 20441 )
( 20330, 20446 )
( 20335, 20451 )
( 20340, 20457 )
( 20345, 20462 )
( 20350, 20468 )
( 20355, 20473 )
( 20360, 20479 )
( 20365, 20485 )
( 20370, 20489 )
( 20375, 20495 )
( 20380, 20501 )
( 20385, 20506 )
( 20390, 20511 )
( 20395, 20517 )
( 20400, 20523 )
( 20405, 20529 )
( 20410, 20535 )
( 20415, 20540 )
( 20420, 20546 )
( 20425, 20551 )
( 20430, 20557 )
( 20435, 20562 )
( 20440, 20568 )
( 20445, 20574 )
( 20450, 20578 )
( 20455, 20469 )
( 20460, 20475 )
( 20465, 20480 )
( 20470, 20485 )
( 20475, 20490 )
( 20480, 20495 )
( 20485, 20501 )
( 20490, 20507 )
( 20495, 20392 )
( 20500, 20397 )
( 20505, 20402 )
( 20510, 20407 )
( 20515, 20412 )
( 20520, 20418 )
( 20525, 20423 )
( 20530, 20429 )
( 20535, 20434 )
( 20540, 20439 )
( 20545, 20444 )
( 20550, 20450 )
( 20555, 20342 )
( 20560, 20231 )
( 20565, 20236 )
( 20570, 20241 )
( 20575, 20247 )
( 20580, 20252 )
( 20585, 20146 )
( 20590, 20151 )
( 20595, 19926 )
( 20600, 19931 )
( 20605, 19936 )
( 20610, 19941 )
( 20615, 19946 )
( 20620, 19724 )
( 20625, 19730 )
( 20630, 19620 )
( 20635, 19625 )
( 20640, 19629 )
( 20645, 19521 )
( 20650, 19526 )
( 20655, 19532 )
( 20660, 19419 )
( 20665, 19424 )
( 20670, 19429 )
( 20675, 19320 )
( 20680, 19208 )
( 20685, 19213 )
( 20690, 19106 )
( 20695, 18997 )
( 20700, 18888 )
( 20705, 18892 )
( 20710, 18780 )
( 20715, 18671 )
( 20720, 18566 )
( 20725, 18337 )
( 20730, 18228 )
( 20735, 18232 )
( 20740, 18121 )
( 20745, 18126 )
( 20750, 18130 )
( 20755, 18014 )
( 20760, 18018 )
( 20765, 18023 )
( 20770, 18027 )
( 20775, 18031 )
( 20780, 18037 )
( 20785, 17932 )
( 20790, 17817 )
( 20795, 17822 )
( 20800, 17713 )
( 20805, 17604 )
( 20810, 17610 )
( 20815, 17387 )
( 20820, 17281 )
( 20825, 17057 )
( 20830, 17061 )
( 20835, 16711 )
( 20840, 16715 )
( 20845, 16719 )
( 20850, 16723 )
( 20855, 16608 )
( 20860, 16612 )
( 20865, 16615 )
( 20870, 16619 )
( 20875, 16623 )
( 20880, 16507 )
( 20885, 16510 )
( 20890, 16400 )
( 20895, 16287 )
( 20900, 16291 )
( 20905, 16295 )
( 20910, 16299 )
( 20915, 16303 )
( 20920, 16307 )
( 20925, 16312 )
( 20930, 16316 )
( 20935, 16321 )
( 20940, 16325 )
( 20945, 16217 )
( 20950, 16221 )
( 20955, 16225 )
( 20960, 16229 )
( 20965, 16233 )
( 20970, 16238 )
( 20975, 16241 )
( 20980, 16246 )
( 20985, 16250 )
( 20990, 16253 )
( 20995, 16257 )
( 21000, 16149 )
( 21005, 16154 )
( 21010, 16158 )
( 21015, 16043 )
( 21020, 16046 )
( 21025, 16050 )
( 21030, 16054 )
( 21035, 16059 )
( 21040, 16062 )
( 21045, 16065 )
( 21050, 16069 )
( 21055, 15960 )
( 21060, 15964 )
( 21065, 15967 )
( 21070, 15971 )
( 21075, 15975 )
( 21080, 15868 )
( 21085, 15527 )
( 21090, 15530 )
( 21095, 15534 )
( 21100, 15538 )
( 21105, 15424 )
( 21110, 15427 )
( 21115, 15318 )
( 21120, 15321 )
( 21125, 15210 )
( 21130, 15214 )
( 21135, 15100 )
( 21140, 15104 )
( 21145, 15107 )
( 21150, 14999 )
( 21155, 15002 )
( 21160, 15006 )
( 21165, 14900 )
( 21170, 14904 )
( 21175, 14908 )
( 21180, 14911 )
( 21185, 14915 )
( 21190, 14808 )
( 21195, 14693 )
( 21200, 14582 )
( 21205, 14470 )
( 21210, 14474 )
( 21215, 14477 )
( 21220, 14481 )
( 21225, 14484 )
( 21230, 14488 )
( 21235, 14376 )
( 21240, 14380 )
( 21245, 14266 )
( 21250, 14037 )
( 21255, 14041 )
( 21260, 13815 )
( 21265, 13701 )
( 21270, 13705 )
( 21275, 13709 )
( 21280, 13597 )
( 21285, 13600 )
( 21290, 13603 )
( 21295, 13493 )
( 21300, 13271 )
( 21305, 13274 )
( 21310, 13277 )
( 21315, 13280 )
( 21320, 13283 )
( 21325, 13286 )
( 21330, 13289 )
( 21335, 13174 )
( 21340, 13061 )
( 21345, 12947 )
( 21350, 12720 )
( 21355, 12610 )
( 21360, 12613 )
( 21365, 12389 )
( 21370, 12391 )
( 21375, 12286 )
( 21380, 12289 )
( 21385, 12291 )
( 21390, 12293 )
( 21395, 12297 )
( 21400, 12299 )
( 21405, 12301 )
( 21410, 12304 )
( 21415, 12308 )
( 21420, 11962 )
( 21425, 11852 )
( 21430, 11856 )
( 21435, 11859 )
( 21440, 11861 )
( 21445, 11864 )
( 21450, 11753 )
( 21455, 11756 )
( 21460, 11759 )
( 21465, 11540 )
( 21470, 3450 )
