( 5, 36 )
( 10, 68 )
( 15, 97 )
( 20, 118 )
( 25, 129 )
( 30, 136 )
( 35, 140 )
( 40, 143 )
( 45, 146 )
( 50, 148 )
( 55, 150 )
( 60, 151 )
( 65, 152 )
( 70, 154 )
( 75, 155 )
( 80, 156 )
( 85, 157 )
( 90, 158 )
( 95, 159 )
( 100, 160 )
( 105, 161 )
( 110, 161 )
( 115, 162 )
( 120, 163 )
( 125, 164 )
( 130, 164 )
( 135, 165 )
( 140, 165 )
( 145, 166 )
( 150, 166 )
( 155, 167 )
( 160, 167 )
( 165, 168 )
( 170, 168 )
( 175, 169 )
( 180, 169 )
( 185, 169 )
( 190, 170 )
( 195, 170 )
( 200, 171 )
( 205, 171 )
( 210, 171 )
( 215, 172 )
( 220, 172 )
( 225, 172 )
( 230, 173 )
( 235, 173 )
( 240, 174 )
( 245, 174 )
( 250, 175 )
( 255, 175 )
( 260, 176 )
( 265, 176 )
( 270, 177 )
( 275, 177 )
( 280, 178 )
( 285, 178 )
( 290, 179 )
( 295, 179 )
( 300, 179 )
( 305, 180 )
( 310, 180 )
( 315, 181 )
( 320, 181 )
( 325, 181 )
( 330, 182 )
( 335, 182 )
( 340, 182 )
( 345, 183 )
( 350, 183 )
( 355, 184 )
( 360, 184 )
( 365, 184 )
( 370, 185 )
( 375, 185 )
( 380, 186 )
( 385, 186 )
( 390, 186 )
( 395, 187 )
( 400, 187 )
( 405, 187 )
( 410, 188 )
( 415, 188 )
( 420, 188 )
( 425, 189 )
( 430, 189 )
( 435, 189 )
( 440, 190 )
( 445, 190 )
( 450, 190 )
( 455, 191 )
( 460, 191 )
( 465, 191 )
( 470, 192 )
( 475, 192 )
( 480, 192 )
( 485, 192 )
( 490, 192 )
( 495, 193 )
( 500, 193 )
( 505, 193 )
( 510, 193 )
( 515, 194 )
( 520, 194 )
( 525, 194 )
( 530, 194 )
( 535, 194 )
( 540, 194 )
( 545, 195 )
( 550, 195 )
( 555, 195 )
( 560, 195 )
( 565, 196 )
( 570, 196 )
( 575, 196 )
( 580, 197 )
( 585, 197 )
( 590, 198 )
( 595, 198 )
( 600, 199 )
( 605, 200 )
( 610, 201 )
( 615, 202 )
( 620, 203 )
( 625, 204 )
( 630, 205 )
( 635, 207 )
( 640, 208 )
( 645, 209 )
( 650, 211 )
( 655, 212 )
( 660, 214 )
( 665, 215 )
( 670, 217 )
( 675, 218 )
( 680, 220 )
( 685, 222 )
( 690, 223 )
( 695, 225 )
( 700, 227 )
( 705, 228 )
( 710, 230 )
( 715, 231 )
( 720, 233 )
( 725, 235 )
( 730, 237 )
( 735, 238 )
( 740, 240 )
( 745, 242 )
( 750, 244 )
( 755, 246 )
( 760, 248 )
( 765, 249 )
( 770, 251 )
( 775, 253 )
( 780, 255 )
( 785, 257 )
( 790, 259 )
( 795, 261 )
( 800, 263 )
( 805, 265 )
( 810, 267 )
( 815, 269 )
( 820, 271 )
( 825, 273 )
( 830, 276 )
( 835, 278 )
( 840, 279 )
( 845, 282 )
( 850, 284 )
( 855, 286 )
( 860, 288 )
( 865, 291 )
( 870, 293 )
( 875, 295 )
( 880, 298 )
( 885, 300 )
( 890, 302 )
( 895, 304 )
( 900, 307 )
( 905, 309 )
( 910, 312 )
( 915, 314 )
( 920, 316 )
( 925, 319 )
( 930, 321 )
( 935, 324 )
( 940, 327 )
( 945, 329 )
( 950, 331 )
( 955, 334 )
( 960, 336 )
( 965, 339 )
( 970, 341 )
( 975, 344 )
( 980, 346 )
( 985, 349 )
( 990, 352 )
( 995, 354 )
( 1000, 357 )
( 1005, 359 )
( 1010, 362 )
( 1015, 364 )
( 1020, 367 )
( 1025, 370 )
( 1030, 373 )
( 1035, 376 )
( 1040, 379 )
( 1045, 381 )
( 1050, 384 )
( 1055, 387 )
( 1060, 389 )
( 1065, 392 )
( 1070, 395 )
( 1075, 397 )
( 1080, 400 )
( 1085, 402 )
( 1090, 405 )
( 1095, 408 )
( 1100, 410 )
( 1105, 413 )
( 1110, 416 )
( 1115, 418 )
( 1120, 421 )
( 1125, 424 )
( 1130, 426 )
( 1135, 429 )
( 1140, 432 )
( 1145, 434 )
( 1150, 436 )
( 1155, 439 )
( 1160, 442 )
( 1165, 445 )
( 1170, 448 )
( 1175, 451 )
( 1180, 455 )
( 1185, 457 )
( 1190, 461 )
( 1195, 464 )
( 1200, 467 )
( 1205, 470 )
( 1210, 473 )
( 1215, 477 )
( 1220, 480 )
( 1225, 483 )
( 1230, 487 )
( 1235, 491 )
( 1240, 494 )
( 1245, 498 )
( 1250, 502 )
( 1255, 505 )
( 1260, 508 )
( 1265, 512 )
( 1270, 515 )
( 1275, 519 )
( 1280, 523 )
( 1285, 526 )
( 1290, 530 )
( 1295, 533 )
( 1300, 537 )
( 1305, 540 )
( 1310, 543 )
( 1315, 547 )
( 1320, 550 )
( 1325, 554 )
( 1330, 558 )
( 1335, 561 )
( 1340, 565 )
( 1345, 569 )
( 1350, 573 )
( 1355, 576 )
( 1360, 580 )
( 1365, 584 )
( 1370, 587 )
( 1375, 590 )
( 1380, 594 )
( 1385, 597 )
( 1390, 600 )
( 1395, 604 )
( 1400, 608 )
( 1405, 611 )
( 1410, 615 )
( 1415, 619 )
( 1420, 623 )
( 1425, 627 )
( 1430, 631 )
( 1435, 635 )
( 1440, 639 )
( 1445, 642 )
( 1450, 646 )
( 1455, 650 )
( 1460, 653 )
( 1465, 657 )
( 1470, 661 )
( 1475, 665 )
( 1480, 669 )
( 1485, 673 )
( 1490, 677 )
( 1495, 681 )
( 1500, 685 )
( 1505, 689 )
( 1510, 694 )
( 1515, 698 )
( 1520, 702 )
( 1525, 706 )
( 1530, 711 )
( 1535, 715 )
( 1540, 719 )
( 1545, 723 )
( 1550, 727 )
( 1555, 731 )
( 1560, 736 )
( 1565, 740 )
( 1570, 744 )
( 1575, 748 )
( 1580, 752 )
( 1585, 756 )
( 1590, 760 )
( 1595, 764 )
( 1600, 769 )
( 1605, 773 )
( 1610, 777 )
( 1615, 782 )
( 1620, 786 )
( 1625, 790 )
( 1630, 795 )
( 1635, 799 )
( 1640, 803 )
( 1645, 807 )
( 1650, 811 )
( 1655, 815 )
( 1660, 819 )
( 1665, 824 )
( 1670, 828 )
( 1675, 832 )
( 1680, 836 )
( 1685, 840 )
( 1690, 844 )
( 1695, 848 )
( 1700, 852 )
( 1705, 856 )
( 1710, 860 )
( 1715, 864 )
( 1720, 868 )
( 1725, 872 )
( 1730, 875 )
( 1735, 880 )
( 1740, 883 )
( 1745, 887 )
( 1750, 891 )
( 1755, 894 )
( 1760, 898 )
( 1765, 902 )
( 1770, 906 )
( 1775, 910 )
( 1780, 914 )
( 1785, 918 )
( 1790, 922 )
( 1795, 926 )
( 1800, 930 )
( 1805, 934 )
( 1810, 938 )
( 1815, 941 )
( 1820, 945 )
( 1825, 949 )
( 1830, 953 )
( 1835, 956 )
( 1840, 959 )
( 1845, 963 )
( 1850, 966 )
( 1855, 970 )
( 1860, 973 )
( 1865, 977 )
( 1870, 980 )
( 1875, 984 )
( 1880, 987 )
( 1885, 991 )
( 1890, 995 )
( 1895, 998 )
( 1900, 1002 )
( 1905, 1005 )
( 1910, 1009 )
( 1915, 1012 )
( 1920, 1016 )
( 1925, 1019 )
( 1930, 1022 )
( 1935, 1026 )
( 1940, 1029 )
( 1945, 1032 )
( 1950, 1036 )
( 1955, 1039 )
( 1960, 1042 )
( 1965, 1045 )
( 1970, 1048 )
( 1975, 1051 )
( 1980, 1054 )
( 1985, 1057 )
( 1990, 1060 )
( 1995, 1063 )
( 2000, 1066 )
( 2005, 1069 )
( 2010, 1072 )
( 2015, 1075 )
( 2020, 1078 )
( 2025, 1081 )
( 2030, 1084 )
( 2035, 1087 )
( 2040, 1090 )
( 2045, 1093 )
( 2050, 1096 )
( 2055, 1099 )
( 2060, 1102 )
( 2065, 1105 )
( 2070, 1108 )
( 2075, 1111 )
( 2080, 1114 )
( 2085, 1117 )
( 2090, 1120 )
( 2095, 1123 )
( 2100, 1125 )
( 2105, 1128 )
( 2110, 1131 )
( 2115, 1134 )
( 2120, 1137 )
( 2125, 1140 )
( 2130, 1143 )
( 2135, 1146 )
( 2140, 1148 )
( 2145, 1151 )
( 2150, 1154 )
( 2155, 1157 )
( 2160, 1159 )
( 2165, 1162 )
( 2170, 1165 )
( 2175, 1167 )
( 2180, 1170 )
( 2185, 1172 )
( 2190, 1175 )
( 2195, 1178 )
( 2200, 1180 )
( 2205, 1183 )
( 2210, 1185 )
( 2215, 1187 )
( 2220, 1190 )
( 2225, 1192 )
( 2230, 1195 )
( 2235, 1197 )
( 2240, 1199 )
( 2245, 1201 )
( 2250, 1204 )
( 2255, 1206 )
( 2260, 1208 )
( 2265, 1210 )
( 2270, 1212 )
( 2275, 1214 )
( 2280, 1217 )
( 2285, 1219 )
( 2290, 1221 )
( 2295, 1223 )
( 2300, 1225 )
( 2305, 1227 )
( 2310, 1229 )
( 2315, 1231 )
( 2320, 1233 )
( 2325, 1236 )
( 2330, 1238 )
( 2335, 1240 )
( 2340, 1242 )
( 2345, 1244 )
( 2350, 1246 )
( 2355, 1249 )
( 2360, 1251 )
( 2365, 1253 )
( 2370, 1255 )
( 2375, 1257 )
( 2380, 1259 )
( 2385, 1262 )
( 2390, 1264 )
( 2395, 1266 )
( 2400, 1268 )
( 2405, 1270 )
( 2410, 1272 )
( 2415, 1275 )
( 2420, 1277 )
( 2425, 1279 )
( 2430, 1281 )
( 2435, 1283 )
( 2440, 1285 )
( 2445, 1287 )
( 2450, 1290 )
( 2455, 1292 )
( 2460, 1294 )
( 2465, 1295 )
( 2470, 1297 )
( 2475, 1299 )
( 2480, 1301 )
( 2485, 1303 )
( 2490, 1304 )
( 2495, 1306 )
( 2500, 1308 )
( 2505, 1310 )
( 2510, 1312 )
( 2515, 1314 )
( 2520, 1315 )
( 2525, 1317 )
( 2530, 1319 )
( 2535, 1320 )
( 2540, 1322 )
( 2545, 1324 )
( 2550, 1325 )
( 2555, 1327 )
( 2560, 1328 )
( 2565, 1330 )
( 2570, 1331 )
( 2575, 1333 )
( 2580, 1334 )
( 2585, 1336 )
( 2590, 1338 )
( 2595, 1339 )
( 2600, 1340 )
( 2605, 1342 )
( 2610, 1343 )
( 2615, 1345 )
( 2620, 1346 )
( 2625, 1347 )
( 2630, 1349 )
( 2635, 1350 )
( 2640, 1352 )
( 2645, 1353 )
( 2650, 1355 )
( 2655, 1356 )
( 2660, 1358 )
( 2665, 1359 )
( 2670, 1361 )
( 2675, 1363 )
( 2680, 1364 )
( 2685, 1366 )
( 2690, 1367 )
( 2695, 1369 )
( 2700, 1370 )
( 2705, 1371 )
( 2710, 1373 )
( 2715, 1374 )
( 2720, 1376 )
( 2725, 1377 )
( 2730, 1378 )
( 2735, 1380 )
( 2740, 1382 )
( 2745, 1383 )
( 2750, 1384 )
( 2755, 1386 )
( 2760, 1387 )
( 2765, 1388 )
( 2770, 1390 )
( 2775, 1391 )
( 2780, 1392 )
( 2785, 1394 )
( 2790, 1395 )
( 2795, 1396 )
( 2800, 1397 )
( 2805, 1398 )
( 2810, 1399 )
( 2815, 1401 )
( 2820, 1402 )
( 2825, 1403 )
( 2830, 1404 )
( 2835, 1406 )
( 2840, 1407 )
( 2845, 1408 )
( 2850, 1409 )
( 2855, 1411 )
( 2860, 1412 )
( 2865, 1413 )
( 2870, 1414 )
( 2875, 1415 )
( 2880, 1417 )
( 2885, 1418 )
( 2890, 1419 )
( 2895, 1420 )
( 2900, 1421 )
( 2905, 1422 )
( 2910, 1423 )
( 2915, 1424 )
( 2920, 1425 )
( 2925, 1426 )
( 2930, 1427 )
( 2935, 1428 )
( 2940, 1429 )
( 2945, 1429 )
( 2950, 1430 )
( 2955, 1431 )
( 2960, 1432 )
( 2965, 1433 )
( 2970, 1434 )
( 2975, 1434 )
( 2980, 1435 )
( 2985, 1436 )
( 2990, 1437 )
( 2995, 1438 )
( 3000, 1438 )
( 3005, 1439 )
( 3010, 1440 )
( 3015, 1441 )
( 3020, 1442 )
( 3025, 1443 )
( 3030, 1444 )
( 3035, 1445 )
( 3040, 1446 )
( 3045, 1447 )
( 3050, 1448 )
( 3055, 1448 )
( 3060, 1449 )
( 3065, 1450 )
( 3070, 1451 )
( 3075, 1452 )
( 3080, 1453 )
( 3085, 1454 )
( 3090, 1455 )
( 3095, 1456 )
( 3100, 1457 )
( 3105, 1458 )
( 3110, 1459 )
( 3115, 1460 )
( 3120, 1461 )
( 3125, 1462 )
( 3130, 1462 )
( 3135, 1463 )
( 3140, 1464 )
( 3145, 1465 )
( 3150, 1466 )
( 3155, 1467 )
( 3160, 1467 )
( 3165, 1468 )
( 3170, 1469 )
( 3175, 1470 )
( 3180, 1470 )
( 3185, 1471 )
( 3190, 1472 )
( 3195, 1472 )
( 3200, 1473 )
( 3205, 1474 )
( 3210, 1475 )
( 3215, 1475 )
( 3220, 1476 )
( 3225, 1477 )
( 3230, 1477 )
( 3235, 1478 )
( 3240, 1479 )
( 3245, 1479 )
( 3250, 1480 )
( 3255, 1481 )
( 3260, 1482 )
( 3265, 1482 )
( 3270, 1483 )
( 3275, 1484 )
( 3280, 1484 )
( 3285, 1485 )
( 3290, 1486 )
( 3295, 1487 )
( 3300, 1487 )
( 3305, 1488 )
( 3310, 1489 )
( 3315, 1490 )
( 3320, 1491 )
( 3325, 1492 )
( 3330, 1493 )
( 3335, 1494 )
( 3340, 1495 )
( 3345, 1496 )
( 3350, 1497 )
( 3355, 1498 )
( 3360, 1500 )
( 3365, 1501 )
( 3370, 1502 )
( 3375, 1502 )
( 3380, 1504 )
( 3385, 1504 )
( 3390, 1505 )
( 3395, 1506 )
( 3400, 1507 )
( 3405, 1508 )
( 3410, 1509 )
( 3415, 1510 )
( 3420, 1511 )
( 3425, 1512 )
( 3430, 1513 )
( 3435, 1514 )
( 3440, 1515 )
( 3445, 1516 )
( 3450, 1517 )
( 3455, 1517 )
( 3460, 1518 )
( 3465, 1519 )
( 3470, 1520 )
( 3475, 1521 )
( 3480, 1522 )
( 3485, 1523 )
( 3490, 1524 )
( 3495, 1525 )
( 3500, 1526 )
( 3505, 1527 )
( 3510, 1527 )
( 3515, 1528 )
( 3520, 1529 )
( 3525, 1530 )
( 3530, 1531 )
( 3535, 1532 )
( 3540, 1533 )
( 3545, 1534 )
( 3550, 1534 )
( 3555, 1535 )
( 3560, 1536 )
( 3565, 1537 )
( 3570, 1538 )
( 3575, 1539 )
( 3580, 1540 )
( 3585, 1541 )
( 3590, 1541 )
( 3595, 1542 )
( 3600, 1543 )
( 3605, 1545 )
( 3610, 1546 )
( 3615, 1547 )
( 3620, 1548 )
( 3625, 1549 )
( 3630, 1551 )
( 3635, 1552 )
( 3640, 1553 )
( 3645, 1554 )
( 3650, 1555 )
( 3655, 1557 )
( 3660, 1558 )
( 3665, 1559 )
( 3670, 1561 )
( 3675, 1562 )
( 3680, 1563 )
( 3685, 1564 )
( 3690, 1566 )
( 3695, 1567 )
( 3700, 1568 )
( 3705, 1569 )
( 3710, 1571 )
( 3715, 1572 )
( 3720, 1573 )
( 3725, 1574 )
( 3730, 1575 )
( 3735, 1576 )
( 3740, 1577 )
( 3745, 1579 )
( 3750, 1580 )
( 3755, 1580 )
( 3760, 1581 )
( 3765, 1582 )
( 3770, 1583 )
( 3775, 1584 )
( 3780, 1585 )
( 3785, 1586 )
( 3790, 1587 )
( 3795, 1588 )
( 3800, 1589 )
( 3805, 1590 )
( 3810, 1591 )
( 3815, 1592 )
( 3820, 1593 )
( 3825, 1594 )
( 3830, 1595 )
( 3835, 1596 )
( 3840, 1597 )
( 3845, 1598 )
( 3850, 1600 )
( 3855, 1601 )
( 3860, 1602 )
( 3865, 1603 )
( 3870, 1605 )
( 3875, 1606 )
( 3880, 1607 )
( 3885, 1608 )
( 3890, 1609 )
( 3895, 1610 )
( 3900, 1611 )
( 3905, 1612 )
( 3910, 1613 )
( 3915, 1614 )
( 3920, 1616 )
( 3925, 1617 )
( 3930, 1618 )
( 3935, 1619 )
( 3940, 1620 )
( 3945, 1621 )
( 3950, 1622 )
( 3955, 1623 )
( 3960, 1625 )
( 3965, 1626 )
( 3970, 1627 )
( 3975, 1628 )
( 3980, 1629 )
( 3985, 1630 )
( 3990, 1631 )
( 3995, 1632 )
( 4000, 1633 )
( 4005, 1634 )
( 4010, 1635 )
( 4015, 1636 )
( 4020, 1637 )
( 4025, 1638 )
( 4030, 1639 )
( 4035, 1640 )
( 4040, 1641 )
( 4045, 1642 )
( 4050, 1643 )
( 4055, 1644 )
( 4060, 1645 )
( 4065, 1646 )
( 4070, 1646 )
( 4075, 1647 )
( 4080, 1648 )
( 4085, 1649 )
( 4090, 1650 )
( 4095, 1651 )
( 4100, 1651 )
( 4105, 1652 )
( 4110, 1653 )
( 4115, 1654 )
( 4120, 1655 )
( 4125, 1655 )
( 4130, 1656 )
( 4135, 1657 )
( 4140, 1658 )
( 4145, 1658 )
( 4150, 1659 )
( 4155, 1660 )
( 4160, 1661 )
( 4165, 1662 )
( 4170, 1663 )
( 4175, 1664 )
( 4180, 1665 )
( 4185, 1666 )
( 4190, 1667 )
( 4195, 1668 )
( 4200, 1669 )
( 4205, 1670 )
( 4210, 1671 )
( 4215, 1672 )
( 4220, 1673 )
( 4225, 1674 )
( 4230, 1675 )
( 4235, 1676 )
( 4240, 1677 )
( 4245, 1678 )
( 4250, 1679 )
( 4255, 1680 )
( 4260, 1681 )
( 4265, 1681 )
( 4270, 1682 )
( 4275, 1683 )
( 4280, 1684 )
( 4285, 1685 )
( 4290, 1686 )
( 4295, 1687 )
( 4300, 1688 )
( 4305, 1689 )
( 4310, 1689 )
( 4315, 1690 )
( 4320, 1691 )
( 4325, 1692 )
( 4330, 1692 )
( 4335, 1693 )
( 4340, 1694 )
( 4345, 1694 )
( 4350, 1695 )
( 4355, 1696 )
( 4360, 1696 )
( 4365, 1697 )
( 4370, 1698 )
( 4375, 1698 )
( 4380, 1699 )
( 4385, 1700 )
( 4390, 1700 )
( 4395, 1701 )
( 4400, 1702 )
( 4405, 1702 )
( 4410, 1703 )
( 4415, 1703 )
( 4420, 1704 )
( 4425, 1705 )
( 4430, 1705 )
( 4435, 1706 )
( 4440, 1706 )
( 4445, 1707 )
( 4450, 1708 )
( 4455, 1708 )
( 4460, 1709 )
( 4465, 1710 )
( 4470, 1710 )
( 4475, 1711 )
( 4480, 1712 )
( 4485, 1712 )
( 4490, 1713 )
( 4495, 1714 )
( 4500, 1715 )
( 4505, 1715 )
( 4510, 1716 )
( 4515, 1717 )
( 4520, 1718 )
( 4525, 1718 )
( 4530, 1719 )
( 4535, 1720 )
( 4540, 1720 )
( 4545, 1721 )
( 4550, 1722 )
( 4555, 1723 )
( 4560, 1724 )
( 4565, 1725 )
( 4570, 1725 )
( 4575, 1726 )
( 4580, 1726 )
( 4585, 1727 )
( 4590, 1728 )
( 4595, 1728 )
( 4600, 1729 )
( 4605, 1729 )
( 4610, 1730 )
( 4615, 1731 )
( 4620, 1731 )
( 4625, 1732 )
( 4630, 1733 )
( 4635, 1734 )
( 4640, 1734 )
( 4645, 1735 )
( 4650, 1736 )
( 4655, 1736 )
( 4660, 1737 )
( 4665, 1738 )
( 4670, 1738 )
( 4675, 1739 )
( 4680, 1739 )
( 4685, 1740 )
( 4690, 1740 )
( 4695, 1741 )
( 4700, 1742 )
( 4705, 1742 )
( 4710, 1743 )
( 4715, 1743 )
( 4720, 1744 )
( 4725, 1744 )
( 4730, 1745 )
( 4735, 1746 )
( 4740, 1746 )
( 4745, 1747 )
( 4750, 1747 )
( 4755, 1748 )
( 4760, 1749 )
( 4765, 1750 )
( 4770, 1750 )
( 4775, 1751 )
( 4780, 1752 )
( 4785, 1752 )
( 4790, 1753 )
( 4795, 1754 )
( 4800, 1754 )
( 4805, 1755 )
( 4810, 1756 )
( 4815, 1756 )
( 4820, 1757 )
( 4825, 1757 )
( 4830, 1758 )
( 4835, 1758 )
( 4840, 1759 )
( 4845, 1760 )
( 4850, 1760 )
( 4855, 1761 )
( 4860, 1762 )
( 4865, 1762 )
( 4870, 1763 )
( 4875, 1764 )
( 4880, 1764 )
( 4885, 1765 )
( 4890, 1766 )
( 4895, 1766 )
( 4900, 1767 )
( 4905, 1767 )
( 4910, 1768 )
( 4915, 1768 )
( 4920, 1769 )
( 4925, 1769 )
( 4930, 1770 )
( 4935, 1771 )
( 4940, 1771 )
( 4945, 1772 )
( 4950, 1772 )
( 4955, 1773 )
( 4960, 1773 )
( 4965, 1774 )
( 4970, 1775 )
( 4975, 1775 )
( 4980, 1776 )
( 4985, 1776 )
( 4990, 1777 )
( 4995, 1777 )
( 5000, 1778 )
( 5005, 1778 )
( 5010, 1779 )
( 5015, 1780 )
( 5020, 1780 )
( 5025, 1781 )
( 5030, 1781 )
( 5035, 1782 )
( 5040, 1782 )
( 5045, 1783 )
( 5050, 1783 )
( 5055, 1784 )
( 5060, 1784 )
( 5065, 1785 )
( 5070, 1785 )
( 5075, 1785 )
( 5080, 1786 )
( 5085, 1786 )
( 5090, 1787 )
( 5095, 1788 )
( 5100, 1788 )
( 5105, 1788 )
( 5110, 1789 )
( 5115, 1789 )
( 5120, 1790 )
( 5125, 1790 )
( 5130, 1790 )
( 5135, 1791 )
( 5140, 1792 )
( 5145, 1792 )
( 5150, 1793 )
( 5155, 1793 )
( 5160, 1794 )
( 5165, 1794 )
( 5170, 1795 )
( 5175, 1795 )
( 5180, 1796 )
( 5185, 1796 )
( 5190, 1797 )
( 5195, 1797 )
( 5200, 1798 )
( 5205, 1798 )
( 5210, 1799 )
( 5215, 1799 )
( 5220, 1799 )
( 5225, 1800 )
( 5230, 1800 )
( 5235, 1801 )
( 5240, 1801 )
( 5245, 1802 )
( 5250, 1802 )
( 5255, 1803 )
( 5260, 1803 )
( 5265, 1803 )
( 5270, 1804 )
( 5275, 1804 )
( 5280, 1805 )
( 5285, 1805 )
( 5290, 1806 )
( 5295, 1806 )
( 5300, 1807 )
( 5305, 1807 )
( 5310, 1807 )
( 5315, 1808 )
( 5320, 1808 )
( 5325, 1809 )
( 5330, 1809 )
( 5335, 1810 )
( 5340, 1810 )
( 5345, 1810 )
( 5350, 1811 )
( 5355, 1811 )
( 5360, 1812 )
( 5365, 1812 )
( 5370, 1812 )
( 5375, 1813 )
( 5380, 1813 )
( 5385, 1814 )
( 5390, 1814 )
( 5395, 1814 )
( 5400, 1815 )
( 5405, 1815 )
( 5410, 1816 )
( 5415, 1816 )
( 5420, 1817 )
( 5425, 1817 )
( 5430, 1817 )
( 5435, 1818 )
( 5440, 1818 )
( 5445, 1818 )
( 5450, 1819 )
( 5455, 1819 )
( 5460, 1819 )
( 5465, 1820 )
( 5470, 1820 )
( 5475, 1821 )
( 5480, 1821 )
( 5485, 1821 )
( 5490, 1822 )
( 5495, 1822 )
( 5500, 1822 )
( 5505, 1823 )
( 5510, 1823 )
( 5515, 1823 )
( 5520, 1824 )
( 5525, 1824 )
( 5530, 1825 )
( 5535, 1825 )
( 5540, 1825 )
( 5545, 1826 )
( 5550, 1826 )
( 5555, 1826 )
( 5560, 1827 )
( 5565, 1827 )
( 5570, 1827 )
( 5575, 1828 )
( 5580, 1828 )
( 5585, 1828 )
( 5590, 1829 )
( 5595, 1829 )
( 5600, 1829 )
( 5605, 1830 )
( 5610, 1830 )
( 5615, 1830 )
( 5620, 1831 )
( 5625, 1831 )
( 5630, 1832 )
( 5635, 1832 )
( 5640, 1832 )
( 5645, 1832 )
( 5650, 1833 )
( 5655, 1833 )
( 5660, 1833 )
( 5665, 1833 )
( 5670, 1834 )
( 5675, 1834 )
( 5680, 1834 )
( 5685, 1835 )
( 5690, 1835 )
( 5695, 1835 )
( 5700, 1835 )
( 5705, 1836 )
( 5710, 1836 )
( 5715, 1836 )
( 5720, 1837 )
( 5725, 1837 )
( 5730, 1837 )
( 5735, 1837 )
( 5740, 1838 )
( 5745, 1838 )
( 5750, 1838 )
( 5755, 1838 )
( 5760, 1838 )
( 5765, 1839 )
( 5770, 1839 )
( 5775, 1839 )
( 5780, 1839 )
( 5785, 1840 )
( 5790, 1840 )
( 5795, 1840 )
( 5800, 1841 )
( 5805, 1841 )
( 5810, 1841 )
( 5815, 1841 )
( 5820, 1842 )
( 5825, 1842 )
( 5830, 1842 )
( 5835, 1842 )
( 5840, 1843 )
( 5845, 1843 )
( 5850, 1843 )
( 5855, 1843 )
( 5860, 1843 )
( 5865, 1843 )
( 5870, 1844 )
( 5875, 1844 )
( 5880, 1844 )
( 5885, 1844 )
( 5890, 1845 )
( 5895, 1845 )
( 5900, 1845 )
( 5905, 1845 )
( 5910, 1846 )
( 5915, 1846 )
( 5920, 1846 )
( 5925, 1846 )
( 5930, 1847 )
( 5935, 1847 )
( 5940, 1847 )
( 5945, 1848 )
( 5950, 1848 )
( 5955, 1848 )
( 5960, 1849 )
( 5965, 1849 )
( 5970, 1849 )
( 5975, 1850 )
( 5980, 1850 )
( 5985, 1850 )
( 5990, 1851 )
( 5995, 1851 )
( 6000, 1851 )
( 6005, 1851 )
( 6010, 1852 )
( 6015, 1852 )
( 6020, 1852 )
( 6025, 1852 )
( 6030, 1853 )
( 6035, 1853 )
( 6040, 1853 )
( 6045, 1854 )
( 6050, 1854 )
( 6055, 1854 )
( 6060, 1854 )
( 6065, 1854 )
( 6070, 1855 )
( 6075, 1855 )
( 6080, 1855 )
( 6085, 1855 )
( 6090, 1856 )
( 6095, 1856 )
( 6100, 1856 )
( 6105, 1856 )
( 6110, 1857 )
( 6115, 1857 )
( 6120, 1857 )
( 6125, 1858 )
( 6130, 1858 )
( 6135, 1858 )
( 6140, 1858 )
( 6145, 1859 )
( 6150, 1859 )
( 6155, 1859 )
( 6160, 1860 )
( 6165, 1860 )
( 6170, 1860 )
( 6175, 1860 )
( 6180, 1860 )
( 6185, 1861 )
( 6190, 1861 )
( 6195, 1861 )
( 6200, 1861 )
( 6205, 1862 )
( 6210, 1862 )
( 6215, 1862 )
( 6220, 1863 )
( 6225, 1863 )
( 6230, 1863 )
( 6235, 1863 )
( 6240, 1863 )
( 6245, 1863 )
( 6250, 1864 )
( 6255, 1864 )
( 6260, 1864 )
( 6265, 1864 )
( 6270, 1865 )
( 6275, 1865 )
( 6280, 1865 )
( 6285, 1865 )
( 6290, 1866 )
( 6295, 1866 )
( 6300, 1866 )
( 6305, 1866 )
( 6310, 1866 )
( 6315, 1867 )
( 6320, 1867 )
( 6325, 1867 )
( 6330, 1867 )
( 6335, 1868 )
( 6340, 1868 )
( 6345, 1868 )
( 6350, 1869 )
( 6355, 1869 )
( 6360, 1869 )
( 6365, 1869 )
( 6370, 1869 )
( 6375, 1870 )
( 6380, 1870 )
( 6385, 1870 )
( 6390, 1870 )
( 6395, 1870 )
( 6400, 1871 )
( 6405, 1871 )
( 6410, 1871 )
( 6415, 1871 )
( 6420, 1872 )
( 6425, 1872 )
( 6430, 1872 )
( 6435, 1872 )
( 6440, 1872 )
( 6445, 1873 )
( 6450, 1873 )
( 6455, 1873 )
( 6460, 1873 )
( 6465, 1874 )
( 6470, 1874 )
( 6475, 1874 )
( 6480, 1874 )
( 6485, 1875 )
( 6490, 1875 )
( 6495, 1875 )
( 6500, 1876 )
( 6505, 1876 )
( 6510, 1876 )
( 6515, 1876 )
( 6520, 1877 )
( 6525, 1877 )
( 6530, 1877 )
( 6535, 1878 )
( 6540, 1878 )
( 6545, 1878 )
( 6550, 1879 )
( 6555, 1879 )
( 6560, 1879 )
( 6565, 1879 )
( 6570, 1880 )
( 6575, 1880 )
( 6580, 1880 )
( 6585, 1880 )
( 6590, 1881 )
( 6595, 1881 )
( 6600, 1881 )
( 6605, 1882 )
( 6610, 1882 )
( 6615, 1882 )
( 6620, 1883 )
( 6625, 1883 )
( 6630, 1883 )
( 6635, 1883 )
( 6640, 1884 )
( 6645, 1884 )
( 6650, 1884 )
( 6655, 1884 )
( 6660, 1885 )
( 6665, 1885 )
( 6670, 1885 )
( 6675, 1885 )
( 6680, 1885 )
( 6685, 1885 )
( 6690, 1885 )
( 6695, 1886 )
( 6700, 1886 )
( 6705, 1886 )
( 6710, 1886 )
( 6715, 1886 )
( 6720, 1887 )
( 6725, 1887 )
( 6730, 1887 )
( 6735, 1887 )
( 6740, 1888 )
( 6745, 1888 )
( 6750, 1888 )
( 6755, 1888 )
( 6760, 1888 )
( 6765, 1889 )
( 6770, 1889 )
( 6775, 1889 )
( 6780, 1890 )
( 6785, 1890 )
( 6790, 1890 )
( 6795, 1891 )
( 6800, 1891 )
( 6805, 1891 )
( 6810, 1892 )
( 6815, 1892 )
( 6820, 1892 )
( 6825, 1892 )
( 6830, 1893 )
( 6835, 1893 )
( 6840, 1893 )
( 6845, 1893 )
( 6850, 1894 )
( 6855, 1894 )
( 6860, 1894 )
( 6865, 1894 )
( 6870, 1895 )
( 6875, 1895 )
( 6880, 1895 )
( 6885, 1895 )
( 6890, 1896 )
( 6895, 1896 )
( 6900, 1896 )
( 6905, 1897 )
( 6910, 1897 )
( 6915, 1897 )
( 6920, 1897 )
( 6925, 1898 )
( 6930, 1898 )
( 6935, 1898 )
( 6940, 1898 )
( 6945, 1899 )
( 6950, 1899 )
( 6955, 1899 )
( 6960, 1900 )
( 6965, 1900 )
( 6970, 1900 )
( 6975, 1901 )
( 6980, 1901 )
( 6985, 1901 )
( 6990, 1902 )
( 6995, 1902 )
( 7000, 1902 )
( 7005, 1902 )
( 7010, 1902 )
( 7015, 1903 )
( 7020, 1903 )
( 7025, 1903 )
( 7030, 1903 )
( 7035, 1903 )
( 7040, 1904 )
( 7045, 1904 )
( 7050, 1904 )
( 7055, 1904 )
( 7060, 1904 )
( 7065, 1905 )
( 7070, 1905 )
( 7075, 1905 )
( 7080, 1905 )
( 7085, 1906 )
( 7090, 1906 )
( 7095, 1906 )
( 7100, 1906 )
( 7105, 1907 )
( 7110, 1907 )
( 7115, 1907 )
( 7120, 1908 )
( 7125, 1908 )
( 7130, 1908 )
( 7135, 1909 )
( 7140, 1909 )
( 7145, 1909 )
( 7150, 1910 )
( 7155, 1910 )
( 7160, 1911 )
( 7165, 1911 )
( 7170, 1911 )
( 7175, 1912 )
( 7180, 1912 )
( 7185, 1912 )
( 7190, 1913 )
( 7195, 1913 )
( 7200, 1913 )
( 7205, 1913 )
( 7210, 1914 )
( 7215, 1914 )
( 7220, 1914 )
( 7225, 1915 )
( 7230, 1915 )
( 7235, 1915 )
( 7240, 1915 )
( 7245, 1916 )
( 7250, 1916 )
( 7255, 1916 )
( 7260, 1916 )
( 7265, 1917 )
( 7270, 1917 )
( 7275, 1917 )
( 7280, 1917 )
( 7285, 1917 )
( 7290, 1918 )
( 7295, 1918 )
( 7300, 1918 )
( 7305, 1918 )
( 7310, 1919 )
( 7315, 1919 )
( 7320, 1919 )
( 7325, 1919 )
( 7330, 1920 )
( 7335, 1920 )
( 7340, 1920 )
( 7345, 1920 )
( 7350, 1920 )
( 7355, 1921 )
( 7360, 1921 )
( 7365, 1921 )
( 7370, 1921 )
( 7375, 1922 )
( 7380, 1922 )
( 7385, 1922 )
( 7390, 1922 )
( 7395, 1922 )
( 7400, 1923 )
( 7405, 1923 )
( 7410, 1923 )
( 7415, 1923 )
( 7420, 1923 )
( 7425, 1924 )
( 7430, 1924 )
( 7435, 1924 )
( 7440, 1925 )
( 7445, 1925 )
( 7450, 1925 )
( 7455, 1925 )
( 7460, 1926 )
( 7465, 1926 )
( 7470, 1926 )
( 7475, 1927 )
( 7480, 1927 )
( 7485, 1927 )
( 7490, 1928 )
( 7495, 1928 )
( 7500, 1928 )
( 7505, 1929 )
( 7510, 1929 )
( 7515, 1929 )
( 7520, 1929 )
( 7525, 1930 )
( 7530, 1930 )
( 7535, 1930 )
( 7540, 1930 )
( 7545, 1930 )
( 7550, 1931 )
( 7555, 1931 )
( 7560, 1931 )
( 7565, 1931 )
( 7570, 1932 )
( 7575, 1932 )
( 7580, 1932 )
( 7585, 1933 )
( 7590, 1933 )
( 7595, 1933 )
( 7600, 1933 )
( 7605, 1933 )
( 7610, 1934 )
( 7615, 1934 )
( 7620, 1934 )
( 7625, 1935 )
( 7630, 1935 )
( 7635, 1935 )
( 7640, 1935 )
( 7645, 1936 )
( 7650, 1936 )
( 7655, 1936 )
( 7660, 1936 )
( 7665, 1936 )
( 7670, 1937 )
( 7675, 1937 )
( 7680, 1937 )
( 7685, 1937 )
( 7690, 1938 )
( 7695, 1938 )
( 7700, 1938 )
( 7705, 1938 )
( 7710, 1939 )
( 7715, 1939 )
( 7720, 1939 )
( 7725, 1939 )
( 7730, 1940 )
( 7735, 1940 )
( 7740, 1940 )
( 7745, 1940 )
( 7750, 1941 )
( 7755, 1941 )
( 7760, 1941 )
( 7765, 1941 )
( 7770, 1941 )
( 7775, 1942 )
( 7780, 1942 )
( 7785, 1942 )
( 7790, 1942 )
( 7795, 1942 )
( 7800, 1943 )
( 7805, 1943 )
( 7810, 1943 )
( 7815, 1943 )
( 7820, 1943 )
( 7825, 1944 )
( 7830, 1944 )
( 7835, 1944 )
( 7840, 1944 )
( 7845, 1945 )
( 7850, 1945 )
( 7855, 1945 )
( 7860, 1945 )
( 7865, 1946 )
( 7870, 1946 )
( 7875, 1946 )
( 7880, 1946 )
( 7885, 1946 )
( 7890, 1947 )
( 7895, 1947 )
( 7900, 1947 )
( 7905, 1947 )
( 7910, 1947 )
( 7915, 1947 )
( 7920, 1948 )
( 7925, 1948 )
( 7930, 1948 )
( 7935, 1948 )
( 7940, 1948 )
( 7945, 1949 )
( 7950, 1949 )
( 7955, 1949 )
( 7960, 1949 )
( 7965, 1949 )
( 7970, 1950 )
( 7975, 1950 )
( 7980, 1950 )
( 7985, 1950 )
( 7990, 1950 )
( 7995, 1951 )
( 8000, 1951 )
( 8005, 1951 )
( 8010, 1951 )
( 8015, 1951 )
( 8020, 1952 )
( 8025, 1952 )
( 8030, 1952 )
( 8035, 1952 )
( 8040, 1952 )
( 8045, 1953 )
( 8050, 1953 )
( 8055, 1953 )
( 8060, 1953 )
( 8065, 1953 )
( 8070, 1953 )
( 8075, 1954 )
( 8080, 1954 )
( 8085, 1954 )
( 8090, 1954 )
( 8095, 1954 )
( 8100, 1955 )
( 8105, 1955 )
( 8110, 1955 )
( 8115, 1955 )
( 8120, 1955 )
( 8125, 1956 )
( 8130, 1956 )
( 8135, 1956 )
( 8140, 1956 )
( 8145, 1956 )
( 8150, 1956 )
( 8155, 1956 )
( 8160, 1957 )
( 8165, 1957 )
( 8170, 1957 )
( 8175, 1957 )
( 8180, 1957 )
( 8185, 1957 )
( 8190, 1957 )
( 8195, 1957 )
( 8200, 1958 )
( 8205, 1958 )
( 8210, 1958 )
( 8215, 1958 )
( 8220, 1958 )
( 8225, 1958 )
( 8230, 1958 )
( 8235, 1958 )
( 8240, 1958 )
( 8245, 1958 )
( 8250, 1959 )
( 8255, 1959 )
( 8260, 1959 )
( 8265, 1959 )
( 8270, 1959 )
( 8275, 1959 )
( 8280, 1959 )
( 8285, 1959 )
( 8290, 1959 )
( 8295, 1959 )
( 8300, 1959 )
( 8305, 1959 )
( 8310, 1960 )
( 8315, 1960 )
( 8320, 1960 )
( 8325, 1960 )
( 8330, 1960 )
( 8335, 1960 )
( 8340, 1960 )
( 8345, 1960 )
( 8350, 1960 )
( 8355, 1961 )
( 8360, 1961 )
( 8365, 1961 )
( 8370, 1961 )
( 8375, 1961 )
( 8380, 1961 )
( 8385, 1961 )
( 8390, 1961 )
( 8395, 1961 )
( 8400, 1962 )
( 8405, 1962 )
( 8410, 1962 )
( 8415, 1962 )
( 8420, 1962 )
( 8425, 1963 )
( 8430, 1963 )
( 8435, 1963 )
( 8440, 1963 )
( 8445, 1963 )
( 8450, 1963 )
( 8455, 1963 )
( 8460, 1963 )
( 8465, 1964 )
( 8470, 1964 )
( 8475, 1964 )
( 8480, 1964 )
( 8485, 1964 )
( 8490, 1965 )
( 8495, 1965 )
( 8500, 1965 )
( 8505, 1965 )
( 8510, 1965 )
( 8515, 1965 )
( 8520, 1966 )
( 8525, 1966 )
( 8530, 1966 )
( 8535, 1966 )
( 8540, 1966 )
( 8545, 1966 )
( 8550, 1966 )
( 8555, 1967 )
( 8560, 1967 )
( 8565, 1967 )
( 8570, 1967 )
( 8575, 1967 )
( 8580, 1967 )
( 8585, 1967 )
( 8590, 1967 )
( 8595, 1968 )
( 8600, 1968 )
( 8605, 1968 )
( 8610, 1968 )
( 8615, 1968 )
( 8620, 1968 )
( 8625, 1968 )
( 8630, 1968 )
( 8635, 1969 )
( 8640, 1969 )
( 8645, 1969 )
( 8650, 1969 )
( 8655, 1969 )
( 8660, 1969 )
( 8665, 1969 )
( 8670, 1969 )
( 8675, 1969 )
( 8680, 1969 )
( 8685, 1970 )
( 8690, 1970 )
( 8695, 1970 )
( 8700, 1970 )
( 8705, 1970 )
( 8710, 1970 )
( 8715, 1971 )
( 8720, 1971 )
( 8725, 1971 )
( 8730, 1971 )
( 8735, 1971 )
( 8740, 1972 )
( 8745, 1972 )
( 8750, 1972 )
( 8755, 1972 )
( 8760, 1972 )
( 8765, 1972 )
( 8770, 1973 )
( 8775, 1973 )
( 8780, 1973 )
( 8785, 1973 )
( 8790, 1974 )
( 8795, 1974 )
( 8800, 1974 )
( 8805, 1975 )
( 8810, 1975 )
( 8815, 1975 )
( 8820, 1976 )
( 8825, 1976 )
( 8830, 1976 )
( 8835, 1976 )
( 8840, 1977 )
( 8845, 1977 )
( 8850, 1977 )
( 8855, 1977 )
( 8860, 1978 )
( 8865, 1978 )
( 8870, 1978 )
( 8875, 1978 )
( 8880, 1978 )
( 8885, 1979 )
( 8890, 1979 )
( 8895, 1979 )
( 8900, 1979 )
( 8905, 1979 )
( 8910, 1979 )
( 8915, 1980 )
( 8920, 1980 )
( 8925, 1980 )
( 8930, 1980 )
( 8935, 1980 )
( 8940, 1980 )
( 8945, 1980 )
( 8950, 1980 )
( 8955, 1981 )
( 8960, 1981 )
( 8965, 1981 )
( 8970, 1981 )
( 8975, 1981 )
( 8980, 1981 )
( 8985, 1981 )
( 8990, 1982 )
( 8995, 1982 )
( 9000, 1982 )
( 9005, 1983 )
( 9010, 1983 )
( 9015, 1983 )
( 9020, 1983 )
( 9025, 1984 )
( 9030, 1984 )
( 9035, 1984 )
( 9040, 1984 )
( 9045, 1984 )
( 9050, 1985 )
( 9055, 1985 )
( 9060, 1985 )
( 9065, 1985 )
( 9070, 1985 )
( 9075, 1986 )
( 9080, 1986 )
( 9085, 1986 )
( 9090, 1986 )
( 9095, 1987 )
( 9100, 1987 )
( 9105, 1987 )
( 9110, 1987 )
( 9115, 1988 )
( 9120, 1988 )
( 9125, 1989 )
( 9130, 1989 )
( 9135, 1989 )
( 9140, 1990 )
( 9145, 1990 )
( 9150, 1991 )
( 9155, 1991 )
( 9160, 1991 )
( 9165, 1992 )
( 9170, 1992 )
( 9175, 1992 )
( 9180, 1993 )
( 9185, 1993 )
( 9190, 1993 )
( 9195, 1994 )
( 9200, 1994 )
( 9205, 1994 )
( 9210, 1994 )
( 9215, 1995 )
( 9220, 1995 )
( 9225, 1995 )
( 9230, 1995 )
( 9235, 1996 )
( 9240, 1996 )
( 9245, 1996 )
( 9250, 1996 )
( 9255, 1997 )
( 9260, 1997 )
( 9265, 1997 )
( 9270, 1998 )
( 9275, 1998 )
( 9280, 1998 )
( 9285, 1999 )
( 9290, 1999 )
( 9295, 2000 )
( 9300, 2000 )
( 9305, 2001 )
( 9310, 2001 )
( 9315, 2001 )
( 9320, 2002 )
( 9325, 2002 )
( 9330, 2003 )
( 9335, 2003 )
( 9340, 2004 )
( 9345, 2004 )
( 9350, 2005 )
( 9355, 2005 )
( 9360, 2006 )
( 9365, 2006 )
( 9370, 2007 )
( 9375, 2007 )
( 9380, 2007 )
( 9385, 2008 )
( 9390, 2008 )
( 9395, 2009 )
( 9400, 2009 )
( 9405, 2009 )
( 9410, 2010 )
( 9415, 2010 )
( 9420, 2011 )
( 9425, 2011 )
( 9430, 2012 )
( 9435, 2012 )
( 9440, 2012 )
( 9445, 2013 )
( 9450, 2013 )
( 9455, 2014 )
( 9460, 2014 )
( 9465, 2015 )
( 9470, 2015 )
( 9475, 2015 )
( 9480, 2016 )
( 9485, 2016 )
( 9490, 2017 )
( 9495, 2017 )
( 9500, 2017 )
( 9505, 2018 )
( 9510, 2018 )
( 9515, 2019 )
( 9520, 2019 )
( 9525, 2020 )
( 9530, 2020 )
( 9535, 2020 )
( 9540, 2020 )
( 9545, 2021 )
( 9550, 2021 )
( 9555, 2021 )
( 9560, 2022 )
( 9565, 2022 )
( 9570, 2023 )
( 9575, 2023 )
( 9580, 2024 )
( 9585, 2024 )
( 9590, 2025 )
( 9595, 2026 )
( 9600, 2027 )
( 9605, 2027 )
( 9610, 2028 )
( 9615, 2029 )
( 9620, 2030 )
( 9625, 2031 )
( 9630, 2032 )
( 9635, 2033 )
( 9640, 2034 )
( 9645, 2035 )
( 9650, 2036 )
( 9655, 2037 )
( 9660, 2038 )
( 9665, 2039 )
( 9670, 2040 )
( 9675, 2041 )
( 9680, 2042 )
( 9685, 2043 )
( 9690, 2044 )
( 9695, 2045 )
( 9700, 2046 )
( 9705, 2047 )
( 9710, 2047 )
( 9715, 2048 )
( 9720, 2049 )
( 9725, 2050 )
( 9730, 2051 )
( 9735, 2051 )
( 9740, 2052 )
( 9745, 2052 )
( 9750, 2053 )
( 9755, 2054 )
( 9760, 2055 )
( 9765, 2055 )
( 9770, 2056 )
( 9775, 2057 )
( 9780, 2057 )
( 9785, 2058 )
( 9790, 2058 )
( 9795, 2059 )
( 9800, 2060 )
( 9805, 2061 )
( 9810, 2062 )
( 9815, 2063 )
( 9820, 2064 )
( 9825, 2065 )
( 9830, 2066 )
( 9835, 2068 )
( 9840, 2069 )
( 9845, 2071 )
( 9850, 2072 )
( 9855, 2074 )
( 9860, 2075 )
( 9865, 2077 )
( 9870, 2078 )
( 9875, 2080 )
( 9880, 2082 )
( 9885, 2085 )
( 9890, 2087 )
( 9895, 2089 )
( 9900, 2091 )
( 9905, 2094 )
( 9910, 2096 )
( 9915, 2099 )
( 9920, 2102 )
( 9925, 2105 )
( 9930, 2107 )
( 9935, 2110 )
( 9940, 2113 )
( 9945, 2115 )
( 9950, 2118 )
( 9955, 2121 )
( 9960, 2124 )
( 9965, 2126 )
( 9970, 2129 )
( 9975, 2132 )
( 9980, 2134 )
( 9985, 2137 )
( 9990, 2140 )
( 9995, 2142 )
( 10000, 2145 )
( 10005, 2148 )
( 10010, 2150 )
( 10015, 2152 )
( 10020, 2154 )
( 10025, 2157 )
( 10030, 2158 )
( 10035, 2160 )
( 10040, 2163 )
( 10045, 2164 )
( 10050, 2166 )
( 10055, 2168 )
( 10060, 2169 )
( 10065, 2171 )
( 10070, 2172 )
( 10075, 2174 )
( 10080, 2176 )
( 10085, 2178 )
( 10090, 2179 )
( 10095, 2181 )
( 10100, 2183 )
( 10105, 2184 )
( 10110, 2186 )
( 10115, 2189 )
( 10120, 2191 )
( 10125, 2193 )
( 10130, 2196 )
( 10135, 2198 )
( 10140, 2200 )
( 10145, 2203 )
( 10150, 2205 )
( 10155, 2208 )
( 10160, 2211 )
( 10165, 2214 )
( 10170, 2218 )
( 10175, 2221 )
( 10180, 2224 )
( 10185, 2227 )
( 10190, 2231 )
( 10195, 2234 )
( 10200, 2238 )
( 10205, 2242 )
( 10210, 2246 )
( 10215, 2250 )
( 10220, 2254 )
( 10225, 2257 )
( 10230, 2261 )
( 10235, 2265 )
( 10240, 2269 )
( 10245, 2273 )
( 10250, 2276 )
( 10255, 2280 )
( 10260, 2283 )
( 10265, 2286 )
( 10270, 2289 )
( 10275, 2292 )
( 10280, 2296 )
( 10285, 2299 )
( 10290, 2302 )
( 10295, 2306 )
( 10300, 2309 )
( 10305, 2312 )
( 10310, 2315 )
( 10315, 2318 )
( 10320, 2321 )
( 10325, 2324 )
( 10330, 2326 )
( 10335, 2329 )
( 10340, 2332 )
( 10345, 2334 )
( 10350, 2337 )
( 10355, 2340 )
( 10360, 2342 )
( 10365, 2345 )
( 10370, 2348 )
( 10375, 2350 )
( 10380, 2352 )
( 10385, 2355 )
( 10390, 2357 )
( 10395, 2360 )
( 10400, 2362 )
( 10405, 2364 )
( 10410, 2367 )
( 10415, 2369 )
( 10420, 2372 )
( 10425, 2374 )
( 10430, 2377 )
( 10435, 2380 )
( 10440, 2382 )
( 10445, 2385 )
( 10450, 2387 )
( 10455, 2390 )
( 10460, 2393 )
( 10465, 2395 )
( 10470, 2398 )
( 10475, 2401 )
( 10480, 2404 )
( 10485, 2406 )
( 10490, 2409 )
( 10495, 2412 )
( 10500, 2415 )
( 10505, 2418 )
( 10510, 2420 )
( 10515, 2423 )
( 10520, 2426 )
( 10525, 2429 )
( 10530, 2431 )
( 10535, 2434 )
( 10540, 2437 )
( 10545, 2440 )
( 10550, 2443 )
( 10555, 2446 )
( 10560, 2449 )
( 10565, 2452 )
( 10570, 2454 )
( 10575, 2457 )
( 10580, 2460 )
( 10585, 2463 )
( 10590, 2465 )
( 10595, 2468 )
( 10600, 2471 )
( 10605, 2474 )
( 10610, 2476 )
( 10615, 2479 )
( 10620, 2482 )
( 10625, 2484 )
( 10630, 2487 )
( 10635, 2490 )
( 10640, 2492 )
( 10645, 2495 )
( 10650, 2497 )
( 10655, 2499 )
( 10660, 2502 )
( 10665, 2504 )
( 10670, 2506 )
( 10675, 2508 )
( 10680, 2510 )
( 10685, 2512 )
( 10690, 2513 )
( 10695, 2515 )
( 10700, 2517 )
( 10705, 2518 )
( 10710, 2520 )
( 10715, 2522 )
( 10720, 2523 )
( 10725, 2525 )
( 10730, 2527 )
( 10735, 2529 )
( 10740, 2530 )
( 10745, 2532 )
( 10750, 2533 )
( 10755, 2535 )
( 10760, 2537 )
( 10765, 2538 )
( 10770, 2540 )
( 10775, 2541 )
( 10780, 2543 )
( 10785, 2544 )
( 10790, 2546 )
( 10795, 2548 )
( 10800, 2549 )
( 10805, 2551 )
( 10810, 2553 )
( 10815, 2555 )
( 10820, 2557 )
( 10825, 2558 )
( 10830, 2560 )
( 10835, 2562 )
( 10840, 2563 )
( 10845, 2565 )
( 10850, 2567 )
( 10855, 2569 )
( 10860, 2570 )
( 10865, 2572 )
( 10870, 2573 )
( 10875, 2575 )
( 10880, 2577 )
( 10885, 2578 )
( 10890, 2580 )
( 10895, 2581 )
( 10900, 2583 )
( 10905, 2584 )
( 10910, 2586 )
( 10915, 2587 )
( 10920, 2589 )
( 10925, 2590 )
( 10930, 2591 )
( 10935, 2593 )
( 10940, 2594 )
( 10945, 2595 )
( 10950, 2597 )
( 10955, 2598 )
( 10960, 2600 )
( 10965, 2601 )
( 10970, 2602 )
( 10975, 2604 )
( 10980, 2605 )
( 10985, 2606 )
( 10990, 2608 )
( 10995, 2609 )
( 11000, 2610 )
( 11005, 2611 )
( 11010, 2612 )
( 11015, 2614 )
( 11020, 2615 )
( 11025, 2616 )
( 11030, 2617 )
( 11035, 2618 )
( 11040, 2619 )
( 11045, 2620 )
( 11050, 2621 )
( 11055, 2622 )
( 11060, 2623 )
( 11065, 2624 )
( 11070, 2625 )
( 11075, 2626 )
( 11080, 2628 )
( 11085, 2629 )
( 11090, 2630 )
( 11095, 2631 )
( 11100, 2632 )
( 11105, 2633 )
( 11110, 2634 )
( 11115, 2634 )
( 11120, 2635 )
( 11125, 2636 )
( 11130, 2637 )
( 11135, 2638 )
( 11140, 2639 )
( 11145, 2639 )
( 11150, 2640 )
( 11155, 2641 )
( 11160, 2642 )
( 11165, 2643 )
( 11170, 2644 )
( 11175, 2644 )
( 11180, 2645 )
( 11185, 2646 )
( 11190, 2647 )
( 11195, 2648 )
( 11200, 2649 )
( 11205, 2650 )
( 11210, 2651 )
( 11215, 2652 )
( 11220, 2653 )
( 11225, 2654 )
( 11230, 2655 )
( 11235, 2656 )
( 11240, 2657 )
( 11245, 2658 )
( 11250, 2659 )
( 11255, 2659 )
( 11260, 2660 )
( 11265, 2661 )
( 11270, 2662 )
( 11275, 2663 )
( 11280, 2664 )
( 11285, 2665 )
( 11290, 2666 )
( 11295, 2667 )
( 11300, 2668 )
( 11305, 2669 )
( 11310, 2670 )
( 11315, 2670 )
( 11320, 2671 )
( 11325, 2672 )
( 11330, 2673 )
( 11335, 2674 )
( 11340, 2674 )
( 11345, 2675 )
( 11350, 2676 )
( 11355, 2677 )
( 11360, 2677 )
( 11365, 2678 )
( 11370, 2679 )
( 11375, 2679 )
( 11380, 2680 )
( 11385, 2681 )
( 11390, 2681 )
( 11395, 2682 )
( 11400, 2683 )
( 11405, 2683 )
( 11410, 2684 )
( 11415, 2685 )
( 11420, 2685 )
( 11425, 2686 )
( 11430, 2687 )
( 11435, 2687 )
( 11440, 2688 )
( 11445, 2688 )
( 11450, 2689 )
( 11455, 2689 )
( 11460, 2690 )
( 11465, 2690 )
( 11470, 2691 )
( 11475, 2691 )
( 11480, 2692 )
( 11485, 2693 )
( 11490, 2693 )
( 11495, 2694 )
( 11500, 2694 )
( 11505, 2695 )
( 11510, 2696 )
( 11515, 2696 )
( 11520, 2697 )
( 11525, 2697 )
( 11530, 2698 )
( 11535, 2698 )
( 11540, 2699 )
( 11545, 2699 )
( 11550, 2700 )
( 11555, 2700 )
( 11560, 2701 )
( 11565, 2701 )
( 11570, 2702 )
( 11575, 2703 )
( 11580, 2703 )
( 11585, 2704 )
( 11590, 2705 )
( 11595, 2705 )
( 11600, 2706 )
( 11605, 2706 )
( 11610, 2706 )
( 11615, 2707 )
( 11620, 2707 )
( 11625, 2708 )
( 11630, 2708 )
( 11635, 2709 )
( 11640, 2709 )
( 11645, 2709 )
( 11650, 2710 )
( 11655, 2710 )
( 11660, 2711 )
( 11665, 2711 )
( 11670, 2712 )
( 11675, 2712 )
( 11680, 2713 )
( 11685, 2713 )
( 11690, 2714 )
( 11695, 2714 )
( 11700, 2715 )
( 11705, 2715 )
( 11710, 2716 )
( 11715, 2716 )
( 11720, 2716 )
( 11725, 2717 )
( 11730, 2717 )
( 11735, 2718 )
( 11740, 2718 )
( 11745, 2718 )
( 11750, 2719 )
( 11755, 2719 )
( 11760, 2719 )
( 11765, 2720 )
( 11770, 2720 )
( 11775, 2720 )
( 11780, 2721 )
( 11785, 2721 )
( 11790, 2721 )
( 11795, 2722 )
( 11800, 2722 )
( 11805, 2723 )
( 11810, 2723 )
( 11815, 2723 )
( 11820, 2724 )
( 11825, 2724 )
( 11830, 2724 )
( 11835, 2725 )
( 11840, 2725 )
( 11845, 2725 )
( 11850, 2726 )
( 11855, 2726 )
( 11860, 2726 )
( 11865, 2726 )
( 11870, 2727 )
( 11875, 2727 )
( 11880, 2727 )
( 11885, 2728 )
( 11890, 2728 )
( 11895, 2728 )
( 11900, 2729 )
( 11905, 2729 )
( 11910, 2730 )
( 11915, 2730 )
( 11920, 2731 )
( 11925, 2731 )
( 11930, 2731 )
( 11935, 2732 )
( 11940, 2732 )
( 11945, 2732 )
( 11950, 2733 )
( 11955, 2733 )
( 11960, 2733 )
( 11965, 2734 )
( 11970, 2734 )
( 11975, 2735 )
( 11980, 2735 )
( 11985, 2736 )
( 11990, 2736 )
( 11995, 2736 )
( 12000, 2736 )
( 12005, 2737 )
( 12010, 2737 )
( 12015, 2737 )
( 12020, 2738 )
( 12025, 2738 )
( 12030, 2738 )
( 12035, 2739 )
( 12040, 2739 )
( 12045, 2739 )
( 12050, 2740 )
( 12055, 2740 )
( 12060, 2740 )
( 12065, 2741 )
( 12070, 2741 )
( 12075, 2741 )
( 12080, 2742 )
( 12085, 2742 )
( 12090, 2742 )
( 12095, 2743 )
( 12100, 2743 )
( 12105, 2743 )
( 12110, 2743 )
( 12115, 2744 )
( 12120, 2744 )
( 12125, 2744 )
( 12130, 2745 )
( 12135, 2745 )
( 12140, 2745 )
( 12145, 2745 )
( 12150, 2746 )
( 12155, 2746 )
( 12160, 2747 )
( 12165, 2747 )
( 12170, 2748 )
( 12175, 2748 )
( 12180, 2748 )
( 12185, 2749 )
( 12190, 2749 )
( 12195, 2750 )
( 12200, 2750 )
( 12205, 2750 )
( 12210, 2751 )
( 12215, 2751 )
( 12220, 2751 )
( 12225, 2752 )
( 12230, 2752 )
( 12235, 2752 )
( 12240, 2752 )
( 12245, 2753 )
( 12250, 2753 )
( 12255, 2753 )
( 12260, 2754 )
( 12265, 2754 )
( 12270, 2754 )
( 12275, 2754 )
( 12280, 2755 )
( 12285, 2755 )
( 12290, 2756 )
( 12295, 2756 )
( 12300, 2756 )
( 12305, 2757 )
( 12310, 2757 )
( 12315, 2757 )
( 12320, 2758 )
( 12325, 2758 )
( 12330, 2758 )
( 12335, 2758 )
( 12340, 2759 )
( 12345, 2759 )
( 12350, 2759 )
( 12355, 2759 )
( 12360, 2760 )
( 12365, 2760 )
( 12370, 2760 )
( 12375, 2761 )
( 12380, 2761 )
( 12385, 2761 )
( 12390, 2762 )
( 12395, 2762 )
( 12400, 2763 )
( 12405, 2763 )
( 12410, 2763 )
( 12415, 2764 )
( 12420, 2764 )
( 12425, 2764 )
( 12430, 2765 )
( 12435, 2765 )
( 12440, 2766 )
( 12445, 2766 )
( 12450, 2767 )
( 12455, 2767 )
( 12460, 2768 )
( 12465, 2768 )
( 12470, 2769 )
( 12475, 2769 )
( 12480, 2770 )
( 12485, 2770 )
( 12490, 2771 )
( 12495, 2771 )
( 12500, 2771 )
( 12505, 2772 )
( 12510, 2772 )
( 12515, 2772 )
( 12520, 2773 )
( 12525, 2773 )
( 12530, 2773 )
( 12535, 2774 )
( 12540, 2774 )
( 12545, 2774 )
( 12550, 2775 )
( 12555, 2775 )
( 12560, 2776 )
( 12565, 2776 )
( 12570, 2776 )
( 12575, 2777 )
( 12580, 2777 )
( 12585, 2778 )
( 12590, 2778 )
( 12595, 2778 )
( 12600, 2779 )
( 12605, 2779 )
( 12610, 2779 )
( 12615, 2780 )
( 12620, 2780 )
( 12625, 2781 )
( 12630, 2781 )
( 12635, 2782 )
( 12640, 2782 )
( 12645, 2783 )
( 12650, 2783 )
( 12655, 2784 )
( 12660, 2784 )
( 12665, 2785 )
( 12670, 2785 )
( 12675, 2786 )
( 12680, 2787 )
( 12685, 2787 )
( 12690, 2788 )
( 12695, 2789 )
( 12700, 2789 )
( 12705, 2790 )
( 12710, 2790 )
( 12715, 2791 )
( 12720, 2791 )
( 12725, 2792 )
( 12730, 2792 )
( 12735, 2793 )
( 12740, 2793 )
( 12745, 2793 )
( 12750, 2794 )
( 12755, 2795 )
( 12760, 2795 )
( 12765, 2796 )
( 12770, 2796 )
( 12775, 2797 )
( 12780, 2797 )
( 12785, 2798 )
( 12790, 2799 )
( 12795, 2799 )
( 12800, 2800 )
( 12805, 2801 )
( 12810, 2801 )
( 12815, 2802 )
( 12820, 2803 )
( 12825, 2803 )
( 12830, 2804 )
( 12835, 2804 )
( 12840, 2805 )
( 12845, 2805 )
( 12850, 2806 )
( 12855, 2806 )
( 12860, 2807 )
( 12865, 2807 )
( 12870, 2807 )
( 12875, 2808 )
( 12880, 2808 )
( 12885, 2809 )
( 12890, 2809 )
( 12895, 2810 )
( 12900, 2810 )
( 12905, 2811 )
( 12910, 2811 )
( 12915, 2811 )
( 12920, 2812 )
( 12925, 2812 )
( 12930, 2813 )
( 12935, 2813 )
( 12940, 2814 )
( 12945, 2814 )
( 12950, 2815 )
( 12955, 2816 )
( 12960, 2816 )
( 12965, 2817 )
( 12970, 2818 )
( 12975, 2818 )
( 12980, 2819 )
( 12985, 2820 )
( 12990, 2820 )
( 12995, 2821 )
( 13000, 2822 )
( 13005, 2822 )
( 13010, 2823 )
( 13015, 2824 )
( 13020, 2824 )
( 13025, 2825 )
( 13030, 2825 )
( 13035, 2826 )
( 13040, 2827 )
( 13045, 2827 )
( 13050, 2828 )
( 13055, 2829 )
( 13060, 2830 )
( 13065, 2830 )
( 13070, 2831 )
( 13075, 2832 )
( 13080, 2832 )
( 13085, 2833 )
( 13090, 2833 )
( 13095, 2834 )
( 13100, 2835 )
( 13105, 2835 )
( 13110, 2836 )
( 13115, 2837 )
( 13120, 2837 )
( 13125, 2838 )
( 13130, 2839 )
( 13135, 2839 )
( 13140, 2840 )
( 13145, 2841 )
( 13150, 2841 )
( 13155, 2842 )
( 13160, 2842 )
( 13165, 2842 )
( 13170, 2843 )
( 13175, 2843 )
( 13180, 2843 )
( 13185, 2844 )
( 13190, 2844 )
( 13195, 2845 )
( 13200, 2845 )
( 13205, 2845 )
( 13210, 2846 )
( 13215, 2846 )
( 13220, 2847 )
( 13225, 2847 )
( 13230, 2847 )
( 13235, 2848 )
( 13240, 2848 )
( 13245, 2848 )
( 13250, 2849 )
( 13255, 2849 )
( 13260, 2850 )
( 13265, 2850 )
( 13270, 2851 )
( 13275, 2851 )
( 13280, 2852 )
( 13285, 2852 )
( 13290, 2853 )
( 13295, 2853 )
( 13300, 2854 )
( 13305, 2854 )
( 13310, 2855 )
( 13315, 2855 )
( 13320, 2856 )
( 13325, 2856 )
( 13330, 2856 )
( 13335, 2857 )
( 13340, 2857 )
( 13345, 2858 )
( 13350, 2858 )
( 13355, 2859 )
( 13360, 2859 )
( 13365, 2859 )
( 13370, 2860 )
( 13375, 2860 )
( 13380, 2860 )
( 13385, 2861 )
( 13390, 2861 )
( 13395, 2861 )
( 13400, 2862 )
( 13405, 2862 )
( 13410, 2862 )
( 13415, 2863 )
( 13420, 2863 )
( 13425, 2863 )
( 13430, 2864 )
( 13435, 2864 )
( 13440, 2864 )
( 13445, 2864 )
( 13450, 2865 )
( 13455, 2865 )
( 13460, 2866 )
( 13465, 2866 )
( 13470, 2866 )
( 13475, 2867 )
( 13480, 2867 )
( 13485, 2868 )
( 13490, 2868 )
( 13495, 2868 )
( 13500, 2869 )
( 13505, 2869 )
( 13510, 2869 )
( 13515, 2870 )
( 13520, 2870 )
( 13525, 2870 )
( 13530, 2871 )
( 13535, 2871 )
( 13540, 2871 )
( 13545, 2872 )
( 13550, 2872 )
( 13555, 2872 )
( 13560, 2873 )
( 13565, 2873 )
( 13570, 2873 )
( 13575, 2873 )
( 13580, 2874 )
( 13585, 2874 )
( 13590, 2874 )
( 13595, 2875 )
( 13600, 2875 )
( 13605, 2875 )
( 13610, 2875 )
( 13615, 2876 )
( 13620, 2876 )
( 13625, 2876 )
( 13630, 2877 )
( 13635, 2877 )
( 13640, 2878 )
( 13645, 2878 )
( 13650, 2878 )
( 13655, 2879 )
( 13660, 2879 )
( 13665, 2880 )
( 13670, 2880 )
( 13675, 2880 )
( 13680, 2881 )
( 13685, 2881 )
( 13690, 2881 )
( 13695, 2882 )
( 13700, 2882 )
( 13705, 2882 )
( 13710, 2882 )
( 13715, 2883 )
( 13720, 2883 )
( 13725, 2883 )
( 13730, 2884 )
( 13735, 2884 )
( 13740, 2884 )
( 13745, 2885 )
( 13750, 2885 )
( 13755, 2885 )
( 13760, 2885 )
( 13765, 2886 )
( 13770, 2886 )
( 13775, 2887 )
( 13780, 2887 )
( 13785, 2887 )
( 13790, 2888 )
( 13795, 2888 )
( 13800, 2888 )
( 13805, 2889 )
( 13810, 2889 )
( 13815, 2889 )
( 13820, 2890 )
( 13825, 2890 )
( 13830, 2891 )
( 13835, 2891 )
( 13840, 2892 )
( 13845, 2892 )
( 13850, 2893 )
( 13855, 2893 )
( 13860, 2893 )
( 13865, 2894 )
( 13870, 2894 )
( 13875, 2894 )
( 13880, 2895 )
( 13885, 2895 )
( 13890, 2896 )
( 13895, 2896 )
( 13900, 2896 )
( 13905, 2897 )
( 13910, 2897 )
( 13915, 2897 )
( 13920, 2898 )
( 13925, 2898 )
( 13930, 2898 )
( 13935, 2899 )
( 13940, 2899 )
( 13945, 2899 )
( 13950, 2900 )
( 13955, 2900 )
( 13960, 2900 )
( 13965, 2901 )
( 13970, 2901 )
( 13975, 2902 )
( 13980, 2902 )
( 13985, 2902 )
( 13990, 2903 )
( 13995, 2903 )
( 14000, 2903 )
( 14005, 2904 )
( 14010, 2904 )
( 14015, 2904 )
( 14020, 2904 )
( 14025, 2905 )
( 14030, 2905 )
( 14035, 2905 )
( 14040, 2906 )
( 14045, 2906 )
( 14050, 2906 )
( 14055, 2906 )
( 14060, 2907 )
( 14065, 2907 )
( 14070, 2907 )
( 14075, 2907 )
( 14080, 2908 )
( 14085, 2908 )
( 14090, 2908 )
( 14095, 2909 )
( 14100, 2909 )
( 14105, 2909 )
( 14110, 2910 )
( 14115, 2910 )
( 14120, 2910 )
( 14125, 2911 )
( 14130, 2911 )
( 14135, 2911 )
( 14140, 2912 )
( 14145, 2912 )
( 14150, 2912 )
( 14155, 2913 )
( 14160, 2913 )
( 14165, 2914 )
( 14170, 2914 )
( 14175, 2914 )
( 14180, 2915 )
( 14185, 2915 )
( 14190, 2915 )
( 14195, 2916 )
( 14200, 2916 )
( 14205, 2917 )
( 14210, 2917 )
( 14215, 2917 )
( 14220, 2918 )
( 14225, 2918 )
( 14230, 2918 )
( 14235, 2918 )
( 14240, 2919 )
( 14245, 2919 )
( 14250, 2919 )
( 14255, 2920 )
( 14260, 2920 )
( 14265, 2921 )
( 14270, 2921 )
( 14275, 2921 )
( 14280, 2922 )
( 14285, 2922 )
( 14290, 2922 )
( 14295, 2923 )
( 14300, 2923 )
( 14305, 2923 )
( 14310, 2924 )
( 14315, 2924 )
( 14320, 2924 )
( 14325, 2925 )
( 14330, 2925 )
( 14335, 2925 )
( 14340, 2926 )
( 14345, 2926 )
( 14350, 2926 )
( 14355, 2927 )
( 14360, 2927 )
( 14365, 2927 )
( 14370, 2928 )
( 14375, 2928 )
( 14380, 2928 )
( 14385, 2929 )
( 14390, 2929 )
( 14395, 2930 )
( 14400, 2930 )
( 14405, 2930 )
( 14410, 2930 )
( 14415, 2931 )
( 14420, 2931 )
( 14425, 2931 )
( 14430, 2932 )
( 14435, 2932 )
( 14440, 2932 )
( 14445, 2932 )
( 14450, 2933 )
( 14455, 2933 )
( 14460, 2933 )
( 14465, 2934 )
( 14470, 2934 )
( 14475, 2935 )
( 14480, 2935 )
( 14485, 2936 )
( 14490, 2936 )
( 14495, 2937 )
( 14500, 2937 )
( 14505, 2938 )
( 14510, 2938 )
( 14515, 2938 )
( 14520, 2939 )
( 14525, 2939 )
( 14530, 2939 )
( 14535, 2940 )
( 14540, 2940 )
( 14545, 2940 )
( 14550, 2941 )
( 14555, 2941 )
( 14560, 2941 )
( 14565, 2942 )
( 14570, 2942 )
( 14575, 2943 )
( 14580, 2943 )
( 14585, 2944 )
( 14590, 2944 )
( 14595, 2944 )
( 14600, 2945 )
( 14605, 2945 )
( 14610, 2945 )
( 14615, 2946 )
( 14620, 2946 )
( 14625, 2947 )
( 14630, 2947 )
( 14635, 2948 )
( 14640, 2948 )
( 14645, 2948 )
( 14650, 2949 )
( 14655, 2949 )
( 14660, 2950 )
( 14665, 2950 )
( 14670, 2951 )
( 14675, 2951 )
( 14680, 2952 )
( 14685, 2952 )
( 14690, 2953 )
( 14695, 2954 )
( 14700, 2954 )
( 14705, 2955 )
( 14710, 2955 )
( 14715, 2956 )
( 14720, 2956 )
( 14725, 2957 )
( 14730, 2957 )
( 14735, 2958 )
( 14740, 2958 )
( 14745, 2959 )
( 14750, 2959 )
( 14755, 2960 )
( 14760, 2960 )
( 14765, 2961 )
( 14770, 2961 )
( 14775, 2962 )
( 14780, 2963 )
( 14785, 2963 )
( 14790, 2964 )
( 14795, 2965 )
( 14800, 2965 )
( 14805, 2966 )
( 14810, 2967 )
( 14815, 2967 )
( 14820, 2968 )
( 14825, 2969 )
( 14830, 2969 )
( 14835, 2970 )
( 14840, 2970 )
( 14845, 2971 )
( 14850, 2972 )
( 14855, 2972 )
( 14860, 2973 )
( 14865, 2974 )
( 14870, 2974 )
( 14875, 2975 )
( 14880, 2976 )
( 14885, 2977 )
( 14890, 2977 )
( 14895, 2978 )
( 14900, 2979 )
( 14905, 2979 )
( 14910, 2980 )
( 14915, 2981 )
( 14920, 2981 )
( 14925, 2982 )
( 14930, 2983 )
( 14935, 2984 )
( 14940, 2984 )
( 14945, 2985 )
( 14950, 2986 )
( 14955, 2987 )
( 14960, 2988 )
( 14965, 2988 )
( 14970, 2989 )
( 14975, 2990 )
( 14980, 2991 )
( 14985, 2992 )
( 14990, 2992 )
( 14995, 2993 )
( 15000, 2994 )
( 15005, 2994 )
( 15010, 2995 )
( 15015, 2996 )
( 15020, 2996 )
( 15025, 2997 )
( 15030, 2998 )
( 15035, 2998 )
( 15040, 2999 )
( 15045, 3000 )
( 15050, 3000 )
( 15055, 3001 )
( 15060, 3002 )
( 15065, 3003 )
( 15070, 3004 )
( 15075, 3005 )
( 15080, 3005 )
( 15085, 3006 )
( 15090, 3007 )
( 15095, 3008 )
( 15100, 3008 )
( 15105, 3009 )
( 15110, 3010 )
( 15115, 3012 )
( 15120, 3013 )
( 15125, 3014 )
( 15130, 3015 )
( 15135, 3016 )
( 15140, 3017 )
( 15145, 3018 )
( 15150, 3019 )
( 15155, 3020 )
( 15160, 3022 )
( 15165, 3023 )
( 15170, 3024 )
( 15175, 3025 )
( 15180, 3026 )
( 15185, 3027 )
( 15190, 3029 )
( 15195, 3030 )
( 15200, 3031 )
( 15205, 3032 )
( 15210, 3033 )
( 15215, 3035 )
( 15220, 3036 )
( 15225, 3037 )
( 15230, 3039 )
( 15235, 3040 )
( 15240, 3041 )
( 15245, 3042 )
( 15250, 3044 )
( 15255, 3045 )
( 15260, 3046 )
( 15265, 3047 )
( 15270, 3048 )
( 15275, 3049 )
( 15280, 3050 )
( 15285, 3051 )
( 15290, 3052 )
( 15295, 3053 )
( 15300, 3054 )
( 15305, 3055 )
( 15310, 3057 )
( 15315, 3058 )
( 15320, 3058 )
( 15325, 3059 )
( 15330, 3060 )
( 15335, 3061 )
( 15340, 3063 )
( 15345, 3064 )
( 15350, 3065 )
( 15355, 3066 )
( 15360, 3067 )
( 15365, 3068 )
( 15370, 3070 )
( 15375, 3071 )
( 15380, 3072 )
( 15385, 3073 )
( 15390, 3074 )
( 15395, 3076 )
( 15400, 3077 )
( 15405, 3078 )
( 15410, 3079 )
( 15415, 3080 )
( 15420, 3082 )
( 15425, 3083 )
( 15430, 3084 )
( 15435, 3085 )
( 15440, 3086 )
( 15445, 3087 )
( 15450, 3089 )
( 15455, 3090 )
( 15460, 3091 )
( 15465, 3093 )
( 15470, 3094 )
( 15475, 3095 )
( 15480, 3096 )
( 15485, 3098 )
( 15490, 3099 )
( 15495, 3101 )
( 15500, 3102 )
( 15505, 3103 )
( 15510, 3105 )
( 15515, 3106 )
( 15520, 3107 )
( 15525, 3109 )
( 15530, 3110 )
( 15535, 3111 )
( 15540, 3112 )
( 15545, 3113 )
( 15550, 3115 )
( 15555, 3116 )
( 15560, 3117 )
( 15565, 3119 )
( 15570, 3120 )
( 15575, 3121 )
( 15580, 3123 )
( 15585, 3124 )
( 15590, 3126 )
( 15595, 3127 )
( 15600, 3128 )
( 15605, 3130 )
( 15610, 3131 )
( 15615, 3132 )
( 15620, 3134 )
( 15625, 3135 )
( 15630, 3136 )
( 15635, 3137 )
( 15640, 3138 )
( 15645, 3139 )
( 15650, 3141 )
( 15655, 3142 )
( 15660, 3143 )
( 15665, 3144 )
( 15670, 3145 )
( 15675, 3147 )
( 15680, 3148 )
( 15685, 3149 )
( 15690, 3150 )
( 15695, 3152 )
( 15700, 3153 )
( 15705, 3154 )
( 15710, 3156 )
( 15715, 3157 )
( 15720, 3159 )
( 15725, 3160 )
( 15730, 3161 )
( 15735, 3162 )
( 15740, 3164 )
( 15745, 3165 )
( 15750, 3167 )
( 15755, 3168 )
( 15760, 3169 )
( 15765, 3171 )
( 15770, 3172 )
( 15775, 3174 )
( 15780, 3175 )
( 15785, 3176 )
( 15790, 3177 )
( 15795, 3179 )
( 15800, 3180 )
( 15805, 3181 )
( 15810, 3182 )
( 15815, 3183 )
( 15820, 3184 )
( 15825, 3185 )
( 15830, 3186 )
( 15835, 3187 )
( 15840, 3188 )
( 15845, 3189 )
( 15850, 3190 )
( 15855, 3191 )
( 15860, 3192 )
( 15865, 3194 )
( 15870, 3195 )
( 15875, 3196 )
( 15880, 3197 )
( 15885, 3198 )
( 15890, 3199 )
( 15895, 3200 )
( 15900, 3201 )
( 15905, 3203 )
( 15910, 3204 )
( 15915, 3205 )
( 15920, 3206 )
( 15925, 3207 )
( 15930, 3208 )
( 15935, 3209 )
( 15940, 3210 )
( 15945, 3210 )
( 15950, 3212 )
( 15955, 3213 )
( 15960, 3213 )
( 15965, 3214 )
( 15970, 3215 )
( 15975, 3216 )
( 15980, 3217 )
( 15985, 3218 )
( 15990, 3219 )
( 15995, 3220 )
( 16000, 3221 )
( 16005, 3221 )
( 16010, 3222 )
( 16015, 3223 )
( 16020, 3224 )
( 16025, 3226 )
( 16030, 3227 )
( 16035, 3228 )
( 16040, 3229 )
( 16045, 3230 )
( 16050, 3231 )
( 16055, 3232 )
( 16060, 3232 )
( 16065, 3234 )
( 16070, 3235 )
( 16075, 3236 )
( 16080, 3237 )
( 16085, 3238 )
( 16090, 3239 )
( 16095, 3240 )
( 16100, 3241 )
( 16105, 3242 )
( 16110, 3243 )
( 16115, 3244 )
( 16120, 3245 )
( 16125, 3246 )
( 16130, 3247 )
( 16135, 3248 )
( 16140, 3249 )
( 16145, 3250 )
( 16150, 3251 )
( 16155, 3252 )
( 16160, 3253 )
( 16165, 3254 )
( 16170, 3255 )
( 16175, 3256 )
( 16180, 3257 )
( 16185, 3257 )
( 16190, 3258 )
( 16195, 3259 )
( 16200, 3260 )
( 16205, 3261 )
( 16210, 3262 )
( 16215, 3263 )
( 16220, 3264 )
( 16225, 3265 )
( 16230, 3266 )
( 16235, 3267 )
( 16240, 3268 )
( 16245, 3269 )
( 16250, 3270 )
( 16255, 3270 )
( 16260, 3271 )
( 16265, 3272 )
( 16270, 3273 )
( 16275, 3274 )
( 16280, 3274 )
( 16285, 3275 )
( 16290, 3276 )
( 16295, 3277 )
( 16300, 3277 )
( 16305, 3278 )
( 16310, 3279 )
( 16315, 3280 )
( 16320, 3281 )
( 16325, 3281 )
( 16330, 3282 )
( 16335, 3283 )
( 16340, 3284 )
( 16345, 3285 )
( 16350, 3286 )
( 16355, 3286 )
( 16360, 3287 )
( 16365, 3288 )
( 16370, 3289 )
( 16375, 3289 )
( 16380, 3290 )
( 16385, 3291 )
( 16390, 3291 )
( 16395, 3292 )
( 16400, 3293 )
( 16405, 3294 )
( 16410, 3294 )
( 16415, 3295 )
( 16420, 3296 )
( 16425, 3297 )
( 16430, 3297 )
( 16435, 3298 )
( 16440, 3299 )
( 16445, 3299 )
( 16450, 3300 )
( 16455, 3301 )
( 16460, 3301 )
( 16465, 3302 )
( 16470, 3303 )
( 16475, 3303 )
( 16480, 3304 )
( 16485, 3305 )
( 16490, 3305 )
( 16495, 3306 )
( 16500, 3307 )
( 16505, 3307 )
( 16510, 3308 )
( 16515, 3309 )
( 16520, 3309 )
( 16525, 3310 )
( 16530, 3311 )
( 16535, 3311 )
( 16540, 3312 )
( 16545, 3313 )
( 16550, 3314 )
( 16555, 3314 )
( 16560, 3315 )
( 16565, 3315 )
( 16570, 3316 )
( 16575, 3317 )
( 16580, 3318 )
( 16585, 3318 )
( 16590, 3319 )
( 16595, 3319 )
( 16600, 3320 )
( 16605, 3321 )
( 16610, 3322 )
( 16615, 3322 )
( 16620, 3322 )
( 16625, 3323 )
( 16630, 3323 )
( 16635, 3324 )
( 16640, 3324 )
( 16645, 3325 )
( 16650, 3325 )
( 16655, 3326 )
( 16660, 3326 )
( 16665, 3327 )
( 16670, 3327 )
( 16675, 3328 )
( 16680, 3328 )
( 16685, 3329 )
( 16690, 3329 )
( 16695, 3329 )
( 16700, 3330 )
( 16705, 3330 )
( 16710, 3331 )
( 16715, 3331 )
( 16720, 3332 )
( 16725, 3332 )
( 16730, 3333 )
( 16735, 3333 )
( 16740, 3334 )
( 16745, 3334 )
( 16750, 3335 )
( 16755, 3335 )
( 16760, 3336 )
( 16765, 3336 )
( 16770, 3336 )
( 16775, 3337 )
( 16780, 3337 )
( 16785, 3338 )
( 16790, 3338 )
( 16795, 3338 )
( 16800, 3339 )
( 16805, 3339 )
( 16810, 3340 )
( 16815, 3340 )
( 16820, 3341 )
( 16825, 3341 )
( 16830, 3342 )
( 16835, 3342 )
( 16840, 3343 )
( 16845, 3343 )
( 16850, 3344 )
( 16855, 3344 )
( 16860, 3345 )
( 16865, 3345 )
( 16870, 3346 )
( 16875, 3346 )
( 16880, 3347 )
( 16885, 3347 )
( 16890, 3347 )
( 16895, 3348 )
( 16900, 3349 )
( 16905, 3349 )
( 16910, 3350 )
( 16915, 3350 )
( 16920, 3350 )
( 16925, 3351 )
( 16930, 3351 )
( 16935, 3352 )
( 16940, 3352 )
( 16945, 3353 )
( 16950, 3353 )
( 16955, 3353 )
( 16960, 3354 )
( 16965, 3354 )
( 16970, 3355 )
( 16975, 3355 )
( 16980, 3355 )
( 16985, 3356 )
( 16990, 3356 )
( 16995, 3357 )
( 17000, 3357 )
( 17005, 3357 )
( 17010, 3358 )
( 17015, 3358 )
( 17020, 3359 )
( 17025, 3359 )
( 17030, 3359 )
( 17035, 3360 )
( 17040, 3360 )
( 17045, 3360 )
( 17050, 3361 )
( 17055, 3361 )
( 17060, 3361 )
( 17065, 3361 )
( 17070, 3362 )
( 17075, 3362 )
( 17080, 3362 )
( 17085, 3363 )
( 17090, 3363 )
( 17095, 3363 )
( 17100, 3364 )
( 17105, 3364 )
( 17110, 3364 )
( 17115, 3365 )
( 17120, 3365 )
( 17125, 3366 )
( 17130, 3366 )
( 17135, 3366 )
( 17140, 3367 )
( 17145, 3367 )
( 17150, 3367 )
( 17155, 3368 )
( 17160, 3368 )
( 17165, 3368 )
( 17170, 3369 )
( 17175, 3369 )
( 17180, 3370 )
( 17185, 3370 )
( 17190, 3370 )
( 17195, 3371 )
( 17200, 3371 )
( 17205, 3371 )
( 17210, 3372 )
( 17215, 3372 )
( 17220, 3372 )
( 17225, 3373 )
( 17230, 3373 )
( 17235, 3374 )
( 17240, 3374 )
( 17245, 3375 )
( 17250, 3375 )
( 17255, 3375 )
( 17260, 3376 )
( 17265, 3376 )
( 17270, 3377 )
( 17275, 3377 )
( 17280, 3377 )
( 17285, 3377 )
( 17290, 3378 )
( 17295, 3378 )
( 17300, 3378 )
( 17305, 3379 )
( 17310, 3379 )
( 17315, 3379 )
( 17320, 3380 )
( 17325, 3380 )
( 17330, 3380 )
( 17335, 3381 )
( 17340, 3381 )
( 17345, 3381 )
( 17350, 3382 )
( 17355, 3382 )
( 17360, 3382 )
( 17365, 3383 )
( 17370, 3383 )
( 17375, 3383 )
( 17380, 3384 )
( 17385, 3384 )
( 17390, 3384 )
( 17395, 3384 )
( 17400, 3385 )
( 17405, 3385 )
( 17410, 3385 )
( 17415, 3386 )
( 17420, 3386 )
( 17425, 3386 )
( 17430, 3387 )
( 17435, 3387 )
( 17440, 3387 )
( 17445, 3388 )
( 17450, 3388 )
( 17455, 3388 )
( 17460, 3389 )
( 17465, 3389 )
( 17470, 3389 )
( 17475, 3390 )
( 17480, 3390 )
( 17485, 3391 )
( 17490, 3391 )
( 17495, 3392 )
( 17500, 3392 )
( 17505, 3392 )
( 17510, 3393 )
( 17515, 3393 )
( 17520, 3394 )
( 17525, 3394 )
( 17530, 3394 )
( 17535, 3395 )
( 17540, 3395 )
( 17545, 3396 )
( 17550, 3396 )
( 17555, 3396 )
( 17560, 3397 )
( 17565, 3397 )
( 17570, 3398 )
( 17575, 3398 )
( 17580, 3398 )
( 17585, 3399 )
( 17590, 3399 )
( 17595, 3399 )
( 17600, 3400 )
( 17605, 3400 )
( 17610, 3400 )
( 17615, 3400 )
( 17620, 3401 )
( 17625, 3401 )
( 17630, 3401 )
( 17635, 3401 )
( 17640, 3402 )
( 17645, 3402 )
( 17650, 3402 )
( 17655, 3402 )
( 17660, 3403 )
( 17665, 3403 )
( 17670, 3403 )
( 17675, 3403 )
( 17680, 3404 )
( 17685, 3404 )
( 17690, 3404 )
( 17695, 3404 )
( 17700, 3405 )
( 17705, 3405 )
( 17710, 3405 )
( 17715, 3406 )
( 17720, 3406 )
( 17725, 3406 )
( 17730, 3407 )
( 17735, 3407 )
( 17740, 3408 )
( 17745, 3408 )
( 17750, 3409 )
( 17755, 3409 )
( 17760, 3410 )
( 17765, 3410 )
( 17770, 3411 )
( 17775, 3411 )
( 17780, 3411 )
( 17785, 3412 )
( 17790, 3412 )
( 17795, 3413 )
( 17800, 3413 )
( 17805, 3413 )
( 17810, 3414 )
( 17815, 3415 )
( 17820, 3415 )
( 17825, 3416 )
( 17830, 3417 )
( 17835, 3417 )
( 17840, 3418 )
( 17845, 3418 )
( 17850, 3419 )
( 17855, 3419 )
( 17860, 3420 )
( 17865, 3420 )
( 17870, 3420 )
( 17875, 3421 )
( 17880, 3421 )
( 17885, 3422 )
( 17890, 3422 )
( 17895, 3423 )
( 17900, 3423 )
( 17905, 3424 )
( 17910, 3424 )
( 17915, 3424 )
( 17920, 3425 )
( 17925, 3425 )
( 17930, 3425 )
( 17935, 3426 )
( 17940, 3426 )
( 17945, 3426 )
( 17950, 3427 )
( 17955, 3427 )
( 17960, 3428 )
( 17965, 3428 )
( 17970, 3429 )
( 17975, 3429 )
( 17980, 3430 )
( 17985, 3430 )
( 17990, 3431 )
( 17995, 3431 )
( 18000, 3432 )
( 18005, 3433 )
( 18010, 3433 )
( 18015, 3434 )
( 18020, 3434 )
( 18025, 3435 )
( 18030, 3436 )
( 18035, 3436 )
( 18040, 3437 )
( 18045, 3437 )
( 18050, 3438 )
( 18055, 3438 )
( 18060, 3439 )
( 18065, 3440 )
( 18070, 3440 )
( 18075, 3441 )
( 18080, 3442 )
( 18085, 3442 )
( 18090, 3443 )
( 18095, 3443 )
( 18100, 3444 )
( 18105, 3445 )
( 18110, 3445 )
( 18115, 3446 )
( 18120, 3447 )
( 18125, 3447 )
( 18130, 3448 )
( 18135, 3448 )
( 18140, 3449 )
( 18145, 3450 )
( 18150, 3450 )
( 18155, 3451 )
( 18160, 3452 )
( 18165, 3452 )
( 18170, 3453 )
( 18175, 3454 )
( 18180, 3455 )
( 18185, 3455 )
( 18190, 3456 )
( 18195, 3456 )
( 18200, 3457 )
( 18205, 3458 )
( 18210, 3459 )
( 18215, 3459 )
( 18220, 3460 )
( 18225, 3460 )
( 18230, 3461 )
( 18235, 3462 )
( 18240, 3462 )
( 18245, 3463 )
( 18250, 3464 )
( 18255, 3464 )
( 18260, 3465 )
( 18265, 3466 )
( 18270, 3466 )
( 18275, 3467 )
( 18280, 3468 )
( 18285, 3468 )
( 18290, 3469 )
( 18295, 3469 )
( 18300, 3470 )
( 18305, 3471 )
( 18310, 3471 )
( 18315, 3472 )
( 18320, 3473 )
( 18325, 3473 )
( 18330, 3474 )
( 18335, 3475 )
( 18340, 3476 )
( 18345, 3476 )
( 18350, 3477 )
( 18355, 3478 )
( 18360, 3478 )
( 18365, 3479 )
( 18370, 3479 )
( 18375, 3480 )
( 18380, 3480 )
( 18385, 3481 )
( 18390, 3481 )
( 18395, 3482 )
( 18400, 3482 )
( 18405, 3483 )
( 18410, 3483 )
( 18415, 3484 )
( 18420, 3484 )
( 18425, 3484 )
( 18430, 3485 )
( 18435, 3486 )
( 18440, 3487 )
( 18445, 3487 )
( 18450, 3488 )
( 18455, 3489 )
( 18460, 3489 )
( 18465, 3490 )
( 18470, 3490 )
( 18475, 3491 )
( 18480, 3492 )
( 18485, 3492 )
( 18490, 3493 )
( 18495, 3494 )
( 18500, 3494 )
( 18505, 3495 )
( 18510, 3496 )
( 18515, 3497 )
( 18520, 3497 )
( 18525, 3498 )
( 18530, 3499 )
( 18535, 3499 )
( 18540, 3500 )
( 18545, 3501 )
( 18550, 3501 )
( 18555, 3502 )
( 18560, 3503 )
( 18565, 3504 )
( 18570, 3504 )
( 18575, 3505 )
( 18580, 3505 )
( 18585, 3506 )
( 18590, 3507 )
( 18595, 3507 )
( 18600, 3508 )
( 18605, 3509 )
( 18610, 3510 )
( 18615, 3510 )
( 18620, 3511 )
( 18625, 3512 )
( 18630, 3513 )
( 18635, 3514 )
( 18640, 3514 )
( 18645, 3515 )
( 18650, 3516 )
( 18655, 3517 )
( 18660, 3518 )
( 18665, 3519 )
( 18670, 3520 )
( 18675, 3521 )
( 18680, 3521 )
( 18685, 3522 )
( 18690, 3522 )
( 18695, 3523 )
( 18700, 3523 )
( 18705, 3524 )
( 18710, 3525 )
( 18715, 3526 )
( 18720, 3527 )
( 18725, 3527 )
( 18730, 3528 )
( 18735, 3529 )
( 18740, 3529 )
( 18745, 3530 )
( 18750, 3531 )
( 18755, 3531 )
( 18760, 3532 )
( 18765, 3532 )
( 18770, 3533 )
( 18775, 3533 )
( 18780, 3534 )
( 18785, 3535 )
( 18790, 3535 )
( 18795, 3536 )
( 18800, 3537 )
( 18805, 3537 )
( 18810, 3538 )
( 18815, 3538 )
( 18820, 3539 )
( 18825, 3540 )
( 18830, 3540 )
( 18835, 3541 )
( 18840, 3541 )
( 18845, 3542 )
( 18850, 3543 )
( 18855, 3543 )
( 18860, 3544 )
( 18865, 3545 )
( 18870, 3546 )
( 18875, 3546 )
( 18880, 3547 )
( 18885, 3548 )
( 18890, 3548 )
( 18895, 3549 )
( 18900, 3550 )
( 18905, 3550 )
( 18910, 3551 )
( 18915, 3551 )
( 18920, 3552 )
( 18925, 3552 )
( 18930, 3553 )
( 18935, 3553 )
( 18940, 3554 )
( 18945, 3555 )
( 18950, 3555 )
( 18955, 3556 )
( 18960, 3557 )
( 18965, 3558 )
( 18970, 3559 )
( 18975, 3559 )
( 18980, 3560 )
( 18985, 3561 )
( 18990, 3561 )
( 18995, 3562 )
( 19000, 3563 )
( 19005, 3563 )
( 19010, 3564 )
( 19015, 3564 )
( 19020, 3565 )
( 19025, 3566 )
( 19030, 3566 )
( 19035, 3567 )
( 19040, 3568 )
( 19045, 3569 )
( 19050, 3570 )
( 19055, 3570 )
( 19060, 3571 )
( 19065, 3572 )
( 19070, 3572 )
( 19075, 3573 )
( 19080, 3573 )
( 19085, 3574 )
( 19090, 3575 )
( 19095, 3576 )
( 19100, 3576 )
( 19105, 3577 )
( 19110, 3577 )
( 19115, 3578 )
( 19120, 3579 )
( 19125, 3579 )
( 19130, 3579 )
( 19135, 3580 )
( 19140, 3581 )
( 19145, 3581 )
( 19150, 3582 )
( 19155, 3582 )
( 19160, 3583 )
( 19165, 3584 )
( 19170, 3584 )
( 19175, 3585 )
( 19180, 3585 )
( 19185, 3586 )
( 19190, 3586 )
( 19195, 3587 )
( 19200, 3587 )
( 19205, 3588 )
( 19210, 3588 )
( 19215, 3589 )
( 19220, 3590 )
( 19225, 3590 )
( 19230, 3591 )
( 19235, 3591 )
( 19240, 3592 )
( 19245, 3592 )
( 19250, 3593 )
( 19255, 3594 )
( 19260, 3595 )
( 19265, 3595 )
( 19270, 3596 )
( 19275, 3597 )
( 19280, 3597 )
( 19285, 3598 )
( 19290, 3599 )
( 19295, 3599 )
( 19300, 3600 )
( 19305, 3601 )
( 19310, 3601 )
( 19315, 3602 )
( 19320, 3603 )
( 19325, 3603 )
( 19330, 3604 )
( 19335, 3605 )
( 19340, 3605 )
( 19345, 3606 )
( 19350, 3606 )
( 19355, 3607 )
( 19360, 3608 )
( 19365, 3609 )
( 19370, 3610 )
( 19375, 3610 )
( 19380, 3611 )
( 19385, 3611 )
( 19390, 3612 )
( 19395, 3612 )
( 19400, 3613 )
( 19405, 3614 )
( 19410, 3614 )
( 19415, 3615 )
( 19420, 3615 )
( 19425, 3616 )
( 19430, 3617 )
( 19435, 3618 )
( 19440, 3618 )
( 19445, 3619 )
( 19450, 3619 )
( 19455, 3620 )
( 19460, 3621 )
( 19465, 3621 )
( 19470, 3622 )
( 19475, 3623 )
( 19480, 3623 )
( 19485, 3624 )
( 19490, 3625 )
( 19495, 3625 )
( 19500, 3626 )
( 19505, 3627 )
( 19510, 3628 )
( 19515, 3628 )
( 19520, 3629 )
( 19525, 3630 )
( 19530, 3631 )
( 19535, 3631 )
( 19540, 3632 )
( 19545, 3632 )
( 19550, 3633 )
( 19555, 3633 )
( 19560, 3634 )
( 19565, 3635 )
( 19570, 3635 )
( 19575, 3636 )
( 19580, 3637 )
( 19585, 3637 )
( 19590, 3637 )
( 19595, 3638 )
( 19600, 3638 )
( 19605, 3639 )
( 19610, 3640 )
( 19615, 3640 )
( 19620, 3641 )
( 19625, 3642 )
( 19630, 3642 )
( 19635, 3643 )
( 19640, 3644 )
( 19645, 3644 )
( 19650, 3645 )
( 19655, 3646 )
( 19660, 3647 )
( 19665, 3648 )
( 19670, 3649 )
( 19675, 3649 )
( 19680, 3650 )
( 19685, 3651 )
( 19690, 3652 )
( 19695, 3653 )
( 19700, 3653 )
( 19705, 3654 )
( 19710, 3655 )
( 19715, 3656 )
( 19720, 3656 )
( 19725, 3657 )
( 19730, 3658 )
( 19735, 3659 )
( 19740, 3659 )
( 19745, 3660 )
( 19750, 3661 )
( 19755, 3662 )
( 19760, 3663 )
( 19765, 3663 )
( 19770, 3664 )
( 19775, 3664 )
( 19780, 3665 )
( 19785, 3666 )
( 19790, 3666 )
( 19795, 3667 )
( 19800, 3667 )
( 19805, 3668 )
( 19810, 3668 )
( 19815, 3669 )
( 19820, 3669 )
( 19825, 3670 )
( 19830, 3670 )
( 19835, 3671 )
( 19840, 3671 )
( 19845, 3672 )
( 19850, 3673 )
( 19855, 3673 )
( 19860, 3674 )
( 19865, 3675 )
( 19870, 3675 )
( 19875, 3676 )
( 19880, 3676 )
( 19885, 3677 )
( 19890, 3677 )
( 19895, 3678 )
( 19900, 3679 )
( 19905, 3679 )
( 19910, 3680 )
( 19915, 3680 )
( 19920, 3681 )
( 19925, 3681 )
( 19930, 3682 )
( 19935, 3682 )
