( 50, 162 )
( 54, 161 )
( 58, 31 )
( 62, 33 )
( 66, 83 )
( 70, 140 )
( 74, 52 )
( 78, 182 )
( 82, 168 )
( 86, 152 )
( 90, 129 )
( 94, 131 )
( 98, 185 )
( 102, 97 )
( 106, 20 )
( 110, 0 )
( 114, 165 )
( 118, 123 )
( 122, 202 )
( 126, 192 )
( 130, 165 )
( 134, 203 )
( 138, 192 )
( 142, 196 )
( 146, 224 )
( 150, 146 )
( 154, 214 )
( 158, 196 )
( 162, 212 )
( 166, 137 )
( 170, 204 )
( 174, 221 )
( 178, 191 )
( 182, 201 )
( 186, 218 )
( 190, 217 )
( 194, 220 )
( 198, 215 )
( 202, 217 )
( 206, 221 )
( 210, 213 )
( 214, 223 )
( 218, 215 )
( 222, 215 )
( 226, 220 )
( 230, 205 )
( 234, 230 )
( 238, 232 )
( 242, 217 )
( 246, 220 )
( 250, 216 )
( 254, 223 )
( 258, 229 )
( 262, 226 )
( 266, 233 )
( 270, 233 )
( 274, 231 )
( 278, 227 )
( 282, 221 )
( 286, 241 )
( 290, 239 )
( 294, 235 )
( 298, 236 )
( 302, 229 )
( 306, 228 )
( 310, 249 )
( 314, 224 )
( 318, 229 )
( 322, 229 )
( 326, 250 )
( 330, 235 )
( 334, 244 )
( 338, 248 )
( 342, 242 )
( 346, 238 )
( 350, 248 )
( 354, 236 )
( 358, 257 )
( 362, 60 )
( 366, 40 )
( 370, 8 )
( 374, 60 )
( 378, 34 )
( 382, 35 )
( 386, 158 )
( 390, 183 )
( 394, 5 )
( 398, 178 )
( 402, 112 )
( 406, 10 )
( 410, 54 )
( 414, 104 )
( 418, 37 )
( 422, 114 )
( 426, 82 )
( 430, 159 )
( 434, 34 )
( 438, 4 )
( 442, 12 )
( 446, 50 )
( 450, 153 )
( 454, 55 )
( 458, 120 )
( 462, 159 )
( 466, 83 )
( 470, 115 )
( 474, 150 )
( 478, 92 )
( 482, 14 )
( 486, 49 )
( 490, 175 )
( 494, 174 )
( 498, 17 )
( 502, 2 )
( 506, 116 )
( 510, 136 )
( 514, 167 )
( 518, 142 )
( 522, 177 )
( 526, 176 )
( 530, 15 )
( 534, 166 )
( 538, 127 )
( 542, 0 )
( 546, 124 )
( 550, 153 )
( 554, 196 )
( 558, 54 )
( 562, 119 )
( 566, 130 )
( 570, 49 )
( 574, 63 )
( 578, 12 )
( 582, 0 )
( 586, 41 )
( 590, 29 )
( 594, 188 )
( 598, 185 )
( 602, 154 )
( 606, 141 )
( 610, 143 )
( 614, 135 )
( 618, 139 )
( 622, 1 )
( 626, 133 )
( 630, 99 )
( 634, 137 )
( 638, 81 )
( 642, 192 )
( 646, 151 )
( 650, 57 )
( 654, 142 )
( 658, 142 )
( 662, 13 )
( 666, 184 )
( 670, 186 )
( 674, 179 )
( 678, 121 )
( 682, 53 )
( 686, 141 )
( 690, 58 )
( 694, 192 )
( 698, 168 )
( 702, 130 )
( 706, 156 )
( 710, 164 )
( 714, 76 )
( 718, 73 )
( 722, 87 )
( 726, 191 )
( 730, 134 )
( 734, 143 )
( 738, 172 )
( 742, 98 )
( 746, 132 )
( 750, 145 )
( 754, 117 )
( 758, 75 )
( 762, 185 )
( 766, 180 )
( 770, 80 )
( 774, 182 )
( 778, 183 )
( 782, 6 )
( 786, 175 )
( 790, 188 )
( 794, 184 )
( 798, 190 )
( 802, 78 )
( 806, 137 )
( 810, 143 )
( 814, 91 )
( 818, 64 )
( 822, 46 )
( 826, 99 )
( 830, 191 )
( 834, 197 )
( 838, 179 )
( 842, 180 )
( 846, 104 )
( 850, 149 )
( 854, 143 )
( 858, 159 )
( 862, 49 )
( 866, 45 )
( 870, 137 )
( 874, 178 )
( 878, 184 )
( 882, 155 )
( 886, 128 )
( 890, 175 )
( 894, 193 )
( 898, 200 )
( 902, 42 )
( 906, 182 )
( 910, 66 )
( 914, 154 )
( 918, 194 )
( 922, 162 )
( 926, 189 )
( 930, 142 )
( 934, 141 )
( 938, 137 )
( 942, 94 )
( 946, 72 )
( 950, 195 )
( 954, 140 )
( 958, 146 )
( 962, 65 )
( 966, 136 )
( 970, 189 )
( 974, 174 )
( 978, 197 )
( 982, 10 )
( 986, 128 )
( 990, 174 )
( 994,
( 998,
( 1002, 139 )
( 1006, 181 )
( 1010, 208 )
( 1014, 186 )
( 1018, 145 )
( 1022, 161 )
( 1026, 142 )
( 1030, 151 )
( 1034, 192 )
( 1038, 201 )
( 1042, 170 )
( 1046, 189 )
( 1050, 123 )
( 1054, 168 )
( 1058, 209 )
( 1062, 155 )
( 1066, 162 )
( 1070, 204 )
( 1074, 159 )
( 1078, 143 )
( 1082, 182 )
( 1086, 182 )
( 1090, 199 )
( 1094, 174 )
( 1098, 184 )
( 1102, 106 )
( 1106, 161 )
( 1110, 149 )
( 1114, 128 )
( 1118, 187 )
( 1122, 176 )
( 1126, 124 )
( 1130, 198 )
( 1134, 185 )
( 1138, 128 )
( 1142, 163 )
( 1146, 141 )
( 1150, 182 )
( 1154, 123 )
( 1158, 204 )
( 1162, 209 )
( 1166, 139 )
( 1170, 134 )
( 1174, 197 )
( 1178, 174 )
( 1182, 194 )
( 1186, 42 )
( 1190, 194 )
( 1194, 183 )
( 1198, 201 )
( 1202, 196 )
( 1206, 196 )
( 1210, 161 )
( 1214, 204 )
( 1218, 194 )
( 1222, 99 )
( 1226, 3 )
( 1230, 200 )
( 1234, 174 )
( 1238, 150 )
( 1242, 159 )
( 1246, 199 )
( 1250, 140 )
( 1254, 176 )
( 1258, 187 )
( 1262, 216 )
( 1266, 17 )
( 1270, 193 )
( 1274, 195 )
( 1278, 211 )
( 1282, 75 )
( 1286, 170 )
( 1290, 205 )
( 1294, 199 )
( 1298, 149 )
( 1302, 159 )
( 1306, 23 )
( 1310, 169 )
( 1314, 197 )
( 1318, 214 )
( 1322, 191 )
( 1326, 197 )
( 1330, 193 )
( 1334, 197 )
( 1338, 190 )
( 1342, 206 )
( 1346, 34 )
( 1350, 201 )
( 1354, 218 )
( 1358, 193 )
( 1362, 197 )
( 1366, 153 )
( 1370, 169 )
( 1374, 210 )
( 1378, 199 )
( 1382, 187 )
( 1386, 3 )
( 1390, 208 )
( 1394, 159 )
( 1398, 145 )
( 1402, 195 )
( 1406, 200 )
( 1410, 190 )
( 1414, 154 )
( 1418, 162 )
( 1422, 207 )
( 1426, 29 )
( 1430, 155 )
( 1434, 184 )
( 1438, 211 )
( 1442, 207 )
( 1446, 211 )
( 1450, 197 )
( 1454, 204 )
( 1458, 161 )
( 1462, 220 )
( 1466, 3 )
( 1470, 134 )
( 1474, 209 )
( 1478, 207 )
( 1482, 166 )
( 1486, 196 )
( 1490, 164 )
( 1494, 214 )
( 1498, 184 )
( 1502, 199 )
( 1506, 20 )
( 1510, 219 )
( 1514, 201 )
( 1518, 203 )
( 1522, 229 )
( 1526, 223 )
( 1530, 195 )
( 1534, 215 )
( 1538, 207 )
( 1542, 191 )
( 1546, 22 )
( 1550, 183 )
( 1554, 204 )
( 1558, 207 )
( 1562, 203 )
( 1566, 174 )
( 1570, 137 )
( 1574, 224 )
( 1578, 207 )
( 1582, 214 )
( 1586, 101 )
( 1590, 164 )
( 1594, 211 )
( 1598, 193 )
( 1602, 213 )
( 1606, 169 )
( 1610, 198 )
( 1614, 181 )
( 1618, 112 )
( 1622, 195 )
( 1626, 36 )
( 1630, 204 )
( 1634, 216 )
( 1638, 202 )
( 1642, 137 )
( 1646, 202 )
( 1650, 202 )
( 1654, 207 )
( 1658, 218 )
( 1662, 214 )
( 1666, 110 )
( 1670, 210 )
( 1674, 219 )
( 1678, 209 )
( 1682, 214 )
( 1686, 216 )
( 1690, 199 )
( 1694, 186 )
( 1698, 213 )
( 1702, 205 )
( 1706, 12 )
( 1710, 211 )
( 1714, 213 )
( 1718, 200 )
( 1722, 217 )
( 1726, 204 )
( 1730, 210 )
( 1734, 218 )
( 1738, 223 )
( 1742, 220 )
( 1746, 0 )
( 1750, 183 )
( 1754, 216 )
( 1758, 195 )
( 1762, 218 )
( 1766, 209 )
( 1770, 212 )
( 1774, 191 )
( 1778, 216 )
( 1782, 214 )
( 1786, 153 )
( 1790, 207 )
( 1794, 225 )
( 1798, 217 )
( 1802, 169 )
( 1806, 198 )
( 1810, 213 )
( 1814, 215 )
( 1818, 218 )
( 1822, 219 )
( 1826, 74 )
( 1830, 216 )
( 1834, 210 )
( 1838, 212 )
( 1842, 222 )
( 1846, 221 )
( 1850, 224 )
( 1854, 214 )
( 1858, 216 )
( 1862, 222 )
( 1866, 15 )
( 1870, 219 )
( 1874, 213 )
( 1878, 214 )
( 1882, 165 )
( 1886, 214 )
( 1890, 217 )
( 1894, 221 )
( 1898, 217 )
( 1902, 220 )
( 1906, 18 )
( 1910, 215 )
( 1914, 214 )
( 1918, 212 )
( 1922, 221 )
( 1926, 215 )
( 1930, 206 )
( 1934, 223 )
( 1938, 196 )
( 1942, 201 )
( 1946, 17 )
( 1950, 219 )
( 1954, 215 )
( 1958, 212 )
( 1962, 217 )
( 1966, 217 )
( 1970, 220 )
( 1974, 211 )
( 1978, 226 )
( 1982, 212 )
( 1986, 11 )
( 1990, 183 )
( 1994, 223 )
( 1998, 219 )
( 2002, 218 )
( 2006, 217 )
( 2010, 201 )
( 2014, 193 )
( 2018, 199 )
( 2022, 225 )
( 2026, 35 )
( 2030, 219 )
( 2034, 211 )
( 2038, 217 )
( 2042, 227 )
( 2046, 224 )
( 2050, 210 )
( 2054, 205 )
( 2058, 219 )
( 2062, 1 )
( 2066, 204 )
( 2070, 221 )
( 2074, 226 )
( 2078, 224 )
( 2082, 198 )
( 2086, 220 )
( 2090, 227 )
( 2094, 214 )
( 2098, 201 )
( 2102, 69 )
( 2106, 205 )
( 2110, 179 )
( 2114, 223 )
( 2118, 201 )
( 2122, 228 )
( 2126, 231 )
( 2130, 223 )
( 2134, 224 )
( 2138, 215 )
( 2142, 25 )
( 2146, 211 )
( 2150, 216 )
( 2154, 200 )
( 2158, 215 )
( 2162, 220 )
( 2166, 205 )
( 2170, 223 )
( 2174, 213 )
( 2178, 226 )
( 2182, 8 )
( 2186, 214 )
( 2190, 223 )
( 2194, 228 )
( 2198, 218 )
( 2202, 210 )
( 2206, 211 )
( 2210, 209 )
( 2214, 216 )
( 2218, 213 )
( 2222, 24 )
( 2226, 225 )
( 2230, 228 )
( 2234, 200 )
( 2238, 201 )
( 2242, 225 )
( 2246, 226 )
( 2250, 205 )
( 2254, 217 )
( 2258, 214 )
( 2262, 10 )
( 2266, 218 )
( 2270, 228 )
( 2274, 208 )
( 2278, 214 )
( 2282, 201 )
( 2286, 225 )
( 2290, 240 )
( 2294, 221 )
( 2298, 209 )
( 2302, 74 )
( 2306, 209 )
( 2310, 206 )
( 2314, 219 )
( 2318, 228 )
( 2322, 231 )
( 2326, 241 )
( 2330, 205 )
( 2334, 223 )
( 2338, 220 )
( 2342, 105 )
( 2346, 213 )
( 2350, 225 )
( 2354, 233 )
( 2358, 224 )
( 2362, 231 )
( 2366, 202 )
( 2370, 227 )
( 2374, 218 )
( 2378, 225 )
( 2382, 116 )
( 2386, 220 )
( 2390, 241 )
( 2394, 222 )
( 2398, 213 )
( 2402, 218 )
( 2406, 230 )
( 2410, 228 )
( 2414, 222 )
( 2418, 219 )
( 2422, 48 )
( 2426, 227 )
( 2430, 209 )
( 2434, 207 )
( 2438, 223 )
( 2442, 234 )
( 2446, 233 )
( 2450, 222 )
( 2454, 228 )
( 2458, 233 )
( 2462, 9 )
( 2466, 228 )
( 2470, 225 )
( 2474, 224 )
( 2478, 226 )
( 2482, 227 )
( 2486, 215 )
( 2490, 225 )
( 2494, 239 )
( 2498, 220 )
( 2502, 30 )
( 2506, 224 )
( 2510, 229 )
( 2514, 221 )
( 2518, 228 )
( 2522, 227 )
( 2526, 224 )
( 2530, 228 )
( 2534, 237 )
( 2538, 219 )
( 2542, 7 )
( 2546, 216 )
( 2550, 219 )
( 2554, 232 )
( 2558, 212 )
( 2562, 212 )
( 2566, 229 )
( 2570, 233 )
( 2574, 235 )
( 2578, 233 )
( 2582, 70 )
( 2586, 212 )
( 2590, 229 )
( 2594, 211 )
( 2598, 225 )
( 2602, 216 )
( 2606, 235 )
( 2610, 223 )
( 2614, 215 )
( 2618, 235 )
( 2622, 153 )
( 2626, 230 )
( 2630, 227 )
( 2634, 229 )
( 2638, 235 )
( 2642, 211 )
( 2646, 217 )
( 2650, 229 )
( 2654, 225 )
( 2658, 243 )
( 2662, 23 )
( 2666, 235 )
( 2670, 220 )
( 2674, 229 )
( 2678, 221 )
( 2682, 217 )
( 2686, 232 )
( 2690, 221 )
( 2694, 244 )
( 2698, 225 )
( 2702, 14 )
( 2706, 237 )
( 2710, 229 )
( 2714, 217 )
( 2718, 232 )
( 2722, 241 )
( 2726, 238 )
( 2730, 211 )
( 2734, 220 )
( 2738, 233 )
( 2742, 6 )
( 2746, 207 )
( 2750, 221 )
( 2754, 232 )
( 2758, 230 )
( 2762, 207 )
( 2766, 230 )
( 2770, 233 )
( 2774, 221 )
( 2778, 233 )
( 2782, 19 )
( 2786, 232 )
( 2790, 224 )
( 2794, 228 )
( 2798, 229 )
( 2802, 234 )
( 2806, 239 )
( 2810, 232 )
( 2814, 232 )
( 2818, 223 )
( 2822, 24 )
( 2826, 245 )
( 2830, 224 )
( 2834, 244 )
( 2838, 229 )
( 2842, 242 )
( 2846, 228 )
( 2850, 233 )
( 2854, 242 )
( 2858, 226 )
( 2862, 159 )
( 2866, 233 )
( 2870, 234 )
( 2874, 230 )
( 2878, 216 )
( 2882, 213 )
( 2886, 205 )
( 2890, 225 )
( 2894, 234 )
( 2898, 232 )
( 2902, 123 )
( 2906, 227 )
( 2910, 239 )
( 2914, 237 )
( 2918, 234 )
( 2922, 227 )
( 2926, 232 )
( 2930, 234 )
( 2934, 224 )
( 2938, 228 )
( 2942, 168 )
( 2946, 225 )
( 2950, 240 )
( 2954, 211 )
( 2958, 221 )
( 2962, 232 )
( 2966, 229 )
( 2970, 229 )
( 2974, 238 )
( 2978, 230 )
( 2982, 51 )
( 2986, 232 )
( 2990, 232 )
( 2994, 244 )
( 2998, 236 )
( 3002, 232 )
( 3006, 236 )
( 3010, 218 )
( 3014, 244 )
( 3018, 243 )
( 3022, 14 )
( 3026, 219 )
( 3030, 251 )
( 3034, 235 )
( 3038, 204 )
( 3042, 245 )
( 3046, 240 )
( 3050, 238 )
( 3054, 237 )
( 3058, 239 )
( 3062, 13 )
( 3066, 245 )
( 3070, 245 )
( 3074, 241 )
( 3078, 242 )
( 3082, 248 )
( 3086, 242 )
( 3090, 238 )
( 3094, 235 )
( 3098, 244 )
( 3102, 38 )
( 3106, 232 )
( 3110, 240 )
( 3114, 241 )
( 3118, 235 )
( 3122, 236 )
( 3126, 237 )
( 3130, 252 )
( 3134, 245 )
( 3138, 208 )
( 3142, 23 )
( 3146, 269 )
( 3150, 230 )
( 3154, 239 )
( 3158, 223 )
( 3162, 234 )
( 3166, 232 )
( 3170, 239 )
( 3174, 237 )
( 3178, 243 )
( 3182, 27 )
( 3186, 247 )
( 3190, 240 )
( 3194, 210 )
( 3198, 238 )
( 3202, 241 )
( 3206, 239 )
( 3210, 249 )
( 3214, 242 )
( 3218, 250 )
( 3222, 158 )
( 3226, 244 )
( 3230, 248 )
( 3234, 228 )
( 3238, 242 )
( 3242, 235 )
( 3246, 246 )
( 3250, 239 )
( 3254, 247 )
( 3258, 252 )
( 3262, 110 )
( 3266, 238 )
( 3270, 244 )
( 3274, 215 )
( 3278, 240 )
( 3282, 237 )
( 3286, 232 )
( 3290, 251 )
( 3294, 229 )
( 3298, 228 )
( 3302, 163 )
( 3306, 245 )
( 3310, 242 )
( 3314, 255 )
( 3318, 249 )
( 3322, 228 )
( 3326, 226 )
( 3330, 243 )
( 3334, 220 )
( 3338, 229 )
( 3342, 117 )
( 3346, 240 )
( 3350, 243 )
( 3354, 245 )
( 3358, 248 )
( 3362, 242 )
( 3366, 218 )
( 3370, 236 )
( 3374, 237 )
( 3378, 246 )
( 3382, 19 )
( 3386, 246 )
( 3390, 247 )
( 3394, 236 )
( 3398, 226 )
( 3402, 232 )
( 3406, 233 )
( 3410, 252 )
( 3414, 236 )
( 3418, 235 )
( 3422, 51 )
( 3426, 238 )
( 3430, 236 )
( 3434, 235 )
( 3438, 243 )
( 3442, 238 )
( 3446, 247 )
( 3450, 236 )
( 3454, 246 )
( 3458, 237 )
( 3462, 168 )
( 3466, 236 )
( 3470, 234 )
( 3474, 246 )
( 3478, 244 )
( 3482, 249 )
( 3486, 253 )
( 3490, 230 )
( 3494, 238 )
( 3498, 232 )
( 3502, 83 )
( 3506, 240 )
( 3510, 243 )
( 3514, 254 )
( 3518, 244 )
( 3522, 249 )
( 3526, 240 )
( 3530, 238 )
( 3534, 244 )
( 3538, 247 )
( 3542, 111 )
( 3546, 238 )
( 3550, 242 )
( 3554, 247 )
( 3558, 256 )
( 3562, 241 )
( 3566, 243 )
( 3570, 248 )
( 3574, 221 )
( 3578, 249 )
( 3582, 58 )
( 3586, 233 )
( 3590, 241 )
( 3594, 8 )
( 3598, 95 )
