( 50, 1444 )
( 54, 1995 )
( 58, 2556 )
( 62, 2892 )
( 66, 2567 )
( 70, 2026 )
( 74, 3482 )
( 78, 2582 )
( 82, 2292 )
( 86, 3082 )
( 90, 2507 )
( 94, 3269 )
( 98, 2462 )
( 102, 608 )
( 106, 606 )
( 110, 555 )
( 114, 2885 )
( 118, 3718 )
( 122, 3269 )
( 126, 2676 )
( 130, 3533 )
( 134, 1778 )
( 138, 2860 )
( 142, 3247 )
( 146, 3137 )
( 150, 4149 )
( 154, 3813 )
( 158, 3274 )
( 162, 3003 )
( 166, 3375 )
( 170, 3198 )
( 174, 3637 )
( 178, 3442 )
( 182, 3697 )
( 186, 2594 )
( 190, 4295 )
( 194, 2042 )
( 198, 3663 )
( 202, 4174 )
( 206, 3825 )
( 210, 5231 )
( 214, 2815 )
( 218, 2792 )
( 222, 5361 )
( 226, 2178 )
( 230, 4302 )
( 234, 1852 )
( 238, 2813 )
( 242, 2970 )
( 246, 3835 )
( 250, 4320 )
( 254, 4214 )
( 258, 2325 )
( 262, 3414 )
( 266, 2956 )
( 270, 4040 )
( 274, 3439 )
( 278, 2820 )
( 282, 3772 )
( 286, 3172 )
( 290, 2496 )
( 294, 2586 )
( 298, 3853 )
( 302, 5626 )
( 306, 3266 )
( 310, 4459 )
( 314, 4910 )
( 318, 3771 )
( 322, 4483 )
( 326, 3799 )
( 330, 3797 )
( 334, 2746 )
( 338, 3324 )
( 342, 4706 )
( 346, 3063 )
( 350, 2508 )
( 354, 3938 )
( 358, 4948 )
( 362, 1250 )
( 366, 1608 )
( 370, 2007 )
( 374, 1465 )
( 378, 1831 )
( 382, 1735 )
( 386, 1275 )
( 390, 1582 )
( 394, 1708 )
( 398, 892 )
( 402, 1912 )
( 406, 1967 )
( 410, 1868 )
( 414, 1725 )
( 418, 1922 )
( 422, 1355 )
( 426, 1645 )
( 430, 1175 )
( 434, 1518 )
( 438, 2063 )
( 442, 2318 )
( 446, 2095 )
( 450, 1753 )
( 454, 1961 )
( 458, 1607 )
( 462, 1818 )
( 466, 1673 )
( 470, 1887 )
( 474, 2069 )
( 478, 1472 )
( 482, 2424 )
( 486, 2073 )
( 490, 1994 )
( 494, 1263 )
( 498, 2496 )
( 502, 314 )
( 506, 1581 )
( 510, 2194 )
( 514, 1794 )
( 518, 1859 )
( 522, 1261 )
( 526, 1824 )
( 530, 2408 )
( 534, 1944 )
( 538, 1957 )
( 542, 364 )
( 546, 1951 )
( 550, 1934 )
( 554, 1239 )
( 558, 2466 )
( 562, 1346 )
( 566, 1913 )
( 570, 2186 )
( 574, 2263 )
( 578, 2515 )
( 582, 338 )
( 586, 2292 )
( 590, 1451 )
( 594, 2165 )
( 598, 1567 )
( 602, 1927 )
( 606, 2419 )
( 610, 2033 )
( 614, 1988 )
( 618, 2104 )
( 622, 348 )
( 626, 1996 )
( 630, 2614 )
( 634, 1964 )
( 638, 2002 )
( 642, 2112 )
( 646, 2920 )
( 650, 2526 )
( 654, 1997 )
( 658, 1685 )
( 662, 384 )
( 666, 2489 )
( 670, 1905 )
( 674, 2438 )
( 678, 2428 )
( 682, 3242 )
( 686, 1510 )
( 690, 2404 )
( 694, 2273 )
( 698, 1325 )
( 702, 416 )
( 706, 2118 )
( 710, 1798 )
( 714, 1321 )
( 718, 2660 )
( 722, 2407 )
( 726, 1479 )
( 730, 1789 )
( 734, 1920 )
( 738, 1970 )
( 742, 418 )
( 746, 2941 )
( 750, 2574 )
( 754, 2988 )
( 758, 2536 )
( 762, 2078 )
( 766, 2718 )
( 770, 3064 )
( 774, 2674 )
( 778, 2524 )
( 782, 437 )
( 786, 2021 )
( 790, 2628 )
( 794, 2242 )
( 798, 2491 )
( 802, 2562 )
( 806, 2950 )
( 810, 2628 )
( 814, 2420 )
( 818, 3100 )
( 822, 401 )
( 826, 2569 )
( 830, 2503 )
( 834, 2153 )
( 838, 2158 )
( 842, 2603 )
( 846, 2855 )
( 850, 2934 )
( 854, 1984 )
( 858, 2609 )
( 862, 442 )
( 866, 3273 )
( 870, 2630 )
( 874, 2950 )
( 878, 2231 )
( 882, 2341 )
( 886, 3088 )
( 890, 2295 )
( 894, 3377 )
( 898, 1523 )
( 902, 514 )
( 906, 2684 )
( 910, 1179 )
( 914, 3055 )
( 918, 2399 )
( 922, 1457 )
( 926, 2940 )
( 930, 1819 )
( 934, 2681 )
( 938, 2351 )
( 942, 537 )
( 946, 3328 )
( 950, 1838 )
( 954, 2789 )
( 958, 2389 )
( 962, 3545 )
( 966, 3387 )
( 970, 2676 )
( 974, 2202 )
( 978, 2483 )
( 982, 430 )
( 986, 2931 )
( 990, 1893 )
( 994,
( 998,
( 1002, 2156 )
( 1006, 2238 )
( 1010, 2087 )
( 1014, 2213 )
( 1018, 2253 )
( 1022, 3065 )
( 1026, 3122 )
( 1030, 2867 )
( 1034, 2183 )
( 1038, 2459 )
( 1042, 2898 )
( 1046, 2637 )
( 1050, 3339 )
( 1054, 3724 )
( 1058, 3444 )
( 1062, 2837 )
( 1066, 2530 )
( 1070, 3393 )
( 1074, 3314 )
( 1078, 3062 )
( 1082, 1736 )
( 1086, 2970 )
( 1090, 2108 )
( 1094, 2916 )
( 1098, 2192 )
( 1102, 3212 )
( 1106, 3483 )
( 1110, 2669 )
( 1114, 3782 )
( 1118, 2769 )
( 1122, 2508 )
( 1126, 4280 )
( 1130, 2105 )
( 1134, 2513 )
( 1138, 3810 )
( 1142, 3158 )
( 1146, 3330 )
( 1150, 1517 )
( 1154, 4131 )
( 1158, 2490 )
( 1162, 1456 )
( 1166, 2695 )
( 1170, 3271 )
( 1174, 2286 )
( 1178, 3476 )
( 1182, 2356 )
( 1186, 512 )
( 1190, 2658 )
( 1194, 3325 )
( 1198, 2455 )
( 1202, 3030 )
( 1206, 3029 )
( 1210, 2931 )
( 1214, 3013 )
( 1218, 3124 )
( 1222, 3033 )
( 1226, 686 )
( 1230, 2458 )
( 1234, 3366 )
( 1238, 2607 )
( 1242, 2890 )
( 1246, 2532 )
( 1250, 4140 )
( 1254, 2881 )
( 1258, 2915 )
( 1262, 3299 )
( 1266, 745 )
( 1270, 2816 )
( 1274, 3157 )
( 1278, 2570 )
( 1282, 3383 )
( 1286, 3436 )
( 1290, 1974 )
( 1294, 3229 )
( 1298, 3981 )
( 1302, 4075 )
( 1306, 545 )
( 1310, 3033 )
( 1314, 2842 )
( 1318, 2422 )
( 1322, 2969 )
( 1326, 2789 )
( 1330, 3253 )
( 1334, 2702 )
( 1338, 3070 )
( 1342, 3540 )
( 1346, 624 )
( 1350, 2867 )
( 1354, 3935 )
( 1358, 2398 )
( 1362, 2014 )
( 1366, 3339 )
( 1370, 3144 )
( 1374, 1892 )
( 1378, 2292 )
( 1382, 2254 )
( 1386, 707 )
( 1390, 3139 )
( 1394, 3098 )
( 1398, 3121 )
( 1402, 3651 )
( 1406, 2185 )
( 1410, 2968 )
( 1414, 3774 )
( 1418, 4195 )
( 1422, 3101 )
( 1426, 757 )
( 1430, 3855 )
( 1434, 2787 )
( 1438, 3742 )
( 1442, 4120 )
( 1446, 2975 )
( 1450, 3684 )
( 1454, 2970 )
( 1458, 4181 )
( 1462, 3180 )
( 1466, 840 )
( 1470, 4252 )
( 1474, 3469 )
( 1478, 2960 )
( 1482, 4066 )
( 1486, 3939 )
( 1490, 4276 )
( 1494, 2530 )
( 1498, 4077 )
( 1502, 3485 )
( 1506, 754 )
( 1510, 3541 )
( 1514, 3437 )
( 1518, 3568 )
( 1522, 2451 )
( 1526, 3558 )
( 1530, 4782 )
( 1534, 3586 )
( 1538, 2452 )
( 1542, 2131 )
( 1546, 751 )
( 1550, 3741 )
( 1554, 3990 )
( 1558, 3120 )
( 1562, 3135 )
( 1566, 4563 )
( 1570, 2709 )
( 1574, 3777 )
( 1578, 3386 )
( 1582, 3876 )
( 1586, 785 )
( 1590, 2801 )
( 1594, 3510 )
( 1598, 4187 )
( 1602, 2623 )
( 1606, 4305 )
( 1610, 3559 )
( 1614, 3426 )
( 1618, 1610 )
( 1622, 3432 )
( 1626, 795 )
( 1630, 2836 )
( 1634, 2740 )
( 1638, 2298 )
( 1642, 5168 )
( 1646, 3788 )
( 1650, 3351 )
( 1654, 3993 )
( 1658, 2991 )
( 1662, 3723 )
( 1666, 595 )
( 1670, 2866 )
( 1674, 3159 )
( 1678, 3749 )
( 1682, 3184 )
( 1686, 2948 )
( 1690, 3005 )
( 1694, 3037 )
( 1698, 3612 )
( 1702, 3505 )
( 1706, 899 )
( 1710, 2973 )
( 1714, 1758 )
( 1718, 4072 )
( 1722, 3042 )
( 1726, 4130 )
( 1730, 3566 )
( 1734, 3952 )
( 1738, 2407 )
( 1742, 3598 )
( 1746, 982 )
( 1750, 3647 )
( 1754, 2505 )
( 1758, 3570 )
( 1762, 3467 )
( 1766, 2636 )
( 1770, 3232 )
( 1774, 4430 )
( 1778, 2534 )
( 1782, 3241 )
( 1786, 771 )
( 1790, 2343 )
( 1794, 3002 )
( 1798, 3014 )
( 1802, 3956 )
( 1806, 3458 )
( 1810, 3567 )
( 1814, 2273 )
( 1818, 4011 )
( 1822, 3275 )
( 1826, 732 )
( 1830, 3100 )
( 1834, 2600 )
( 1838, 3710 )
( 1842, 2856 )
( 1846, 3454 )
( 1850, 3281 )
( 1854, 3176 )
( 1858, 3335 )
( 1862, 3980 )
( 1866, 953 )
( 1870, 2097 )
( 1874, 3367 )
( 1878, 4394 )
( 1882, 4516 )
( 1886, 4185 )
( 1890, 2692 )
( 1894, 1901 )
( 1898, 3051 )
( 1902, 3652 )
( 1906, 1004 )
( 1910, 3555 )
( 1914, 2328 )
( 1918, 3541 )
( 1922, 1067 )
( 1926, 4579 )
( 1930, 3180 )
( 1934, 3160 )
( 1938, 5293 )
( 1942, 4678 )
( 1946, 1050 )
( 1950, 2870 )
( 1954, 4546 )
( 1958, 3654 )
( 1962, 2554 )
( 1966, 2718 )
( 1970, 3807 )
( 1974, 4843 )
( 1978, 2743 )
( 1982, 2980 )
( 1986, 997 )
( 1990, 3281 )
( 1994, 4079 )
( 1998, 2377 )
( 2002, 2416 )
( 2006, 2884 )
( 2010, 3240 )
( 2014, 3550 )
( 2018, 3697 )
( 2022, 2100 )
( 2026, 948 )
( 2030, 2987 )
( 2034, 2948 )
( 2038, 3428 )
( 2042, 3233 )
( 2046, 2706 )
( 2050, 4391 )
( 2054, 3734 )
( 2058, 3336 )
( 2062, 1166 )
( 2066, 3068 )
( 2070, 3035 )
( 2074, 4494 )
( 2078, 4391 )
( 2082, 4458 )
( 2086, 3366 )
( 2090, 2880 )
( 2094, 2456 )
( 2098, 4536 )
( 2102, 875 )
( 2106, 4597 )
( 2110, 5129 )
( 2114, 2687 )
( 2118, 4474 )
( 2122, 2850 )
( 2126, 3060 )
( 2130, 3012 )
( 2134, 3133 )
( 2138, 4207 )
( 2142, 1199 )
( 2146, 2133 )
( 2150, 3045 )
( 2154, 4612 )
( 2158, 3557 )
( 2162, 2446 )
( 2166, 2400 )
( 2170, 3380 )
( 2174, 2797 )
( 2178, 2582 )
( 2182, 1000 )
( 2186, 4684 )
( 2190, 3074 )
( 2194, 2682 )
( 2198, 4274 )
( 2202, 3161 )
( 2206, 3112 )
( 2210, 5545 )
( 2214, 3974 )
( 2218, 4033 )
( 2222, 1063 )
( 2226, 2647 )
( 2230, 3863 )
( 2234, 5660 )
( 2238, 3853 )
( 2242, 3042 )
( 2246, 3280 )
( 2250, 2835 )
( 2254, 5132 )
( 2258, 2603 )
( 2262, 1092 )
( 2266, 4353 )
( 2270, 3518 )
( 2274, 3395 )
( 2278, 4601 )
( 2282, 5120 )
( 2286, 2763 )
( 2290, 3625 )
( 2294, 2557 )
( 2298, 3721 )
( 2302, 1171 )
( 2306, 3826 )
( 2310, 4925 )
( 2314, 3534 )
( 2318, 2334 )
( 2322, 3472 )
( 2326, 4054 )
( 2330, 4143 )
( 2334, 2757 )
( 2338, 4925 )
( 2342, 1044 )
( 2346, 5246 )
( 2350, 3255 )
( 2354, 3601 )
( 2358, 2732 )
( 2362, 2769 )
( 2366, 5186 )
( 2370, 3868 )
( 2374, 2608 )
( 2378, 3093 )
( 2382, 1168 )
( 2386, 4187 )
( 2390, 2475 )
( 2394, 2807 )
( 2398, 4403 )
( 2402, 3592 )
( 2406, 1970 )
( 2410, 3453 )
( 2414, 3682 )
( 2418, 2893 )
( 2422, 1106 )
( 2426, 5038 )
( 2430, 3948 )
( 2434, 4879 )
( 2438, 3458 )
( 2442, 3016 )
( 2446, 4247 )
( 2450, 2917 )
( 2454, 3097 )
( 2458, 4496 )
( 2462, 1261 )
( 2466, 4197 )
( 2470, 5038 )
( 2474, 4828 )
( 2478, 3784 )
( 2482, 3770 )
( 2486, 4355 )
( 2490, 3264 )
( 2494, 3925 )
( 2498, 3135 )
( 2502, 1403 )
( 2506, 4365 )
( 2510, 3604 )
( 2514, 3955 )
( 2518, 4827 )
( 2522, 4246 )
( 2526, 3793 )
( 2530, 3048 )
( 2534, 3793 )
( 2538, 3033 )
( 2542, 1174 )
( 2546, 3585 )
( 2550, 4134 )
( 2554, 3127 )
( 2558, 4852 )
( 2562, 4026 )
( 2566, 3835 )
( 2570, 4057 )
( 2574, 2802 )
( 2578, 4363 )
( 2582, 1204 )
( 2586, 3301 )
( 2590, 3697 )
( 2594, 4537 )
( 2598, 3026 )
( 2602, 4004 )
( 2606, 4331 )
( 2610, 3533 )
( 2614, 4385 )
( 2618, 4427 )
( 2622, 1135 )
( 2626, 3041 )
( 2630, 3785 )
( 2634, 3452 )
( 2638, 2959 )
( 2642, 3938 )
( 2646, 4790 )
( 2650, 4693 )
( 2654, 3615 )
( 2658, 3174 )
( 2662, 1284 )
( 2666, 3420 )
( 2670, 4534 )
( 2674, 2766 )
( 2678, 4210 )
( 2682, 4317 )
( 2686, 4055 )
( 2690, 3351 )
( 2694, 4208 )
( 2698, 3762 )
( 2702, 1157 )
( 2706, 4400 )
( 2710, 3472 )
( 2714, 2762 )
( 2718, 3736 )
( 2722, 4205 )
( 2726, 2088 )
( 2730, 3062 )
( 2734, 3921 )
( 2738, 5484 )
( 2742, 1336 )
( 2746, 3928 )
( 2750, 3786 )
( 2754, 4334 )
( 2758, 3571 )
( 2762, 4998 )
( 2766, 4271 )
( 2770, 4451 )
( 2774, 4656 )
( 2778, 3874 )
( 2782, 940 )
( 2786, 3897 )
( 2790, 3028 )
( 2794, 3673 )
( 2798, 5171 )
( 2802, 4199 )
( 2806, 4297 )
( 2810, 3730 )
( 2814, 3603 )
( 2818, 1923 )
( 2822, 1363 )
( 2826, 2840 )
( 2830, 3375 )
( 2834, 3282 )
( 2838, 4803 )
( 2842, 2032 )
( 2846, 3528 )
( 2850, 3560 )
( 2854, 1752 )
( 2858, 5982 )
( 2862, 1211 )
( 2866, 4892 )
( 2870, 3057 )
( 2874, 3152 )
( 2878, 4299 )
( 2882, 4020 )
( 2886, 4499 )
( 2890, 3069 )
( 2894, 3315 )
( 2898, 3610 )
( 2902, 1306 )
( 2906, 3363 )
( 2910, 3068 )
( 2914, 2932 )
( 2918, 2833 )
( 2922, 3326 )
( 2926, 3315 )
( 2930, 2885 )
( 2934, 4487 )
( 2938, 2122 )
( 2942, 1153 )
( 2946, 4113 )
( 2950, 1639 )
( 2954, 4496 )
( 2958, 4635 )
( 2962, 3902 )
( 2966, 4319 )
( 2970, 3810 )
( 2974, 2483 )
( 2978, 3227 )
( 2982, 1345 )
( 2986, 3792 )
( 2990, 4044 )
( 2994, 3205 )
( 2998, 4024 )
( 3002, 2791 )
( 3006, 2955 )
( 3010, 3943 )
( 3014, 4344 )
( 3018, 4433 )
( 3022, 1353 )
( 3026, 3536 )
( 3030, 4635 )
( 3034, 3976 )
( 3038, 4628 )
( 3042, 2106 )
( 3046, 2758 )
( 3050, 2528 )
( 3054, 4416 )
( 3058, 4294 )
( 3062, 1296 )
( 3066, 4303 )
( 3070, 3947 )
( 3074, 1990 )
( 3078, 3461 )
( 3082, 4487 )
( 3086, 2975 )
( 3090, 4302 )
( 3094, 3591 )
( 3098, 2027 )
( 3102, 1175 )
( 3106, 3783 )
( 3110, 4434 )
( 3114, 4308 )
( 3118, 3604 )
( 3122, 3984 )
( 3126, 3929 )
( 3130, 2715 )
( 3134, 3034 )
( 3138, 4631 )
( 3142, 1461 )
( 3146, 4169 )
( 3150, 4527 )
( 3154, 3856 )
( 3158, 5217 )
( 3162, 4273 )
( 3166, 5103 )
( 3170, 4110 )
( 3174, 2664 )
( 3178, 4002 )
( 3182, 1724 )
( 3186, 2995 )
( 3190, 4476 )
( 3194, 5389 )
( 3198, 3470 )
( 3202, 3683 )
( 3206, 4761 )
( 3210, 3727 )
( 3214, 5026 )
( 3218, 3549 )
( 3222, 1455 )
( 3226, 3842 )
( 3230, 3534 )
( 3234, 4604 )
( 3238, 2404 )
( 3242, 3920 )
( 3246, 3566 )
( 3250, 2268 )
( 3254, 3195 )
( 3258, 3315 )
( 3262, 1198 )
( 3266, 5225 )
( 3270, 3562 )
( 3274, 4183 )
( 3278, 3300 )
( 3282, 4224 )
( 3286, 3781 )
( 3290, 3288 )
( 3294, 4624 )
( 3298, 3099 )
( 3302, 1359 )
( 3306, 3145 )
( 3310, 2739 )
( 3314, 4173 )
( 3318, 2563 )
( 3322, 4322 )
( 3326, 4520 )
( 3330, 3632 )
( 3334, 4831 )
( 3338, 3592 )
( 3342, 1161 )
( 3346, 3968 )
( 3350, 6044 )
( 3354, 3484 )
( 3358, 3349 )
( 3362, 2950 )
( 3366, 4507 )
( 3370, 4534 )
( 3374, 4350 )
( 3378, 3837 )
( 3382, 1572 )
( 3386, 3437 )
( 3390, 4588 )
( 3394, 3317 )
( 3398, 5623 )
( 3402, 4472 )
( 3406, 3060 )
( 3410, 4944 )
( 3414, 3944 )
( 3418, 3565 )
( 3422, 1224 )
( 3426, 4149 )
( 3430, 4200 )
( 3434, 3775 )
( 3438, 3674 )
( 3442, 4119 )
( 3446, 3137 )
( 3450, 4293 )
( 3454, 3230 )
( 3458, 4939 )
( 3462, 1384 )
( 3466, 4407 )
( 3470, 4660 )
( 3474, 4343 )
( 3478, 4798 )
( 3482, 2770 )
( 3486, 4009 )
( 3490, 3165 )
( 3494, 4138 )
( 3498, 4219 )
( 3502, 1368 )
( 3506, 3538 )
( 3510, 4727 )
( 3514, 2691 )
( 3518, 3761 )
( 3522, 3983 )
( 3526, 2503 )
( 3530, 1948 )
( 3534, 3739 )
( 3538, 4836 )
( 3542, 1159 )
( 3546, 3504 )
( 3550, 4347 )
( 3554, 2847 )
( 3558, 2744 )
( 3562, 3940 )
( 3566, 3305 )
( 3570, 2702 )
( 3574, 4849 )
( 3578, 3553 )
( 3582, 1516 )
( 3586, 4290 )
( 3590, 3428 )
( 3594, 1883 )
( 3598, 1338 )
