( 50, 2 )
( 54, 78 )
( 58, 257 )
( 62, 780 )
( 66, 5 )
( 70, 265 )
( 74, 348 )
( 78, 30 )
( 82, 43 )
( 86, 465 )
( 90, 164 )
( 94, 317 )
( 98, 342 )
( 102, 12 )
( 106, 115 )
( 110, 17 )
( 114, 1 )
( 118, 35 )
( 122, 9 )
( 126, 8 )
( 130, 110 )
( 134, 104 )
( 138, 23 )
( 142, 23 )
( 146, 289 )
( 150, 103 )
( 154, 19 )
( 158, 46 )
( 162, 9 )
( 166, 19 )
( 170, 20 )
( 174, 21 )
( 178, 6 )
( 182, 3 )
( 186, 9 )
( 190, 125 )
( 194, 20 )
( 198, 0 )
( 202, 15 )
( 206, 46 )
( 210, 16 )
( 214, 20 )
( 218, 20 )
( 222, 16 )
( 226, 176 )
( 230, 192 )
( 234, 42 )
( 238, 137 )
( 242, 7 )
( 246, 54 )
( 250, 82 )
( 254, 6 )
( 258, 188 )
( 262, 360 )
( 266, 81 )
( 270, 363 )
( 274, 42 )
( 278, 119 )
( 282, 84 )
( 286, 202 )
( 290, 53 )
( 294, 10 )
( 298, 58 )
( 302, 99 )
( 306, 306 )
( 310, 36 )
( 314, 121 )
( 318, 60 )
( 322, 21 )
( 326, 89 )
( 330, 8 )
( 334, 457 )
( 338, 742 )
( 342, 39 )
( 346, 109 )
( 350, 14 )
( 354, 1 )
( 358, 154 )
( 362, 33 )
( 366, 2 )
( 370, 118 )
( 374, 62 )
( 378, 112 )
( 382, 38 )
( 386, 118 )
( 390, 16 )
( 394, 123 )
( 398, 169 )
( 402, 82 )
( 406, 9 )
( 410, 70 )
( 414, 46 )
( 418, 58 )
( 422, 257 )
( 426, 19 )
( 430, 79 )
( 434, 26 )
( 438, 14 )
( 442, 238 )
( 446, 176 )
( 450, 113 )
( 454, 252 )
( 458, 18 )
( 462, 694 )
( 466, 31 )
( 470, 446 )
( 474, 285 )
( 478, 212 )
( 482, 161 )
( 486, 81 )
( 490, 75 )
( 494, 43 )
( 498, 9 )
( 502, 116 )
( 506, 71 )
( 510, 96 )
( 514, 73 )
( 518, 40 )
( 522, 9 )
( 526, 123 )
( 530, 85 )
( 534, 111 )
( 538, 7 )
( 542, 313 )
( 546, 26 )
( 550, 331 )
( 554, 34 )
( 558, 244 )
( 562, 143 )
( 566, 71 )
( 570, 52 )
( 574, 157 )
( 578, 304 )
( 582, 604 )
( 586, 340 )
( 590, 23 )
( 594, 32 )
( 598, 38 )
( 602, 409 )
( 606, 63 )
( 610, 58 )
( 614, 164 )
( 618, 321 )
( 622, 90 )
( 626, 32 )
( 630, 222 )
( 634, 244 )
( 638, 207 )
( 642, 214 )
( 646, 20 )
( 650, 550 )
( 654, 146 )
( 658, 383 )
( 662, 245 )
( 666, 231 )
( 670, 143 )
( 674, 343 )
( 678, 722 )
( 682, 157 )
( 686, 176 )
( 690, 203 )
( 694, 23 )
( 698, 396 )
( 702, 81 )
( 706, 7 )
( 710, 17 )
( 714, 520 )
( 718, 654 )
( 722, 276 )
( 726, 1197 )
( 730, 17 )
( 734, 120 )
( 738, 161 )
( 742, 350 )
( 746, 5 )
( 750, 130 )
( 754, 129 )
( 758, 52 )
( 762, 239 )
( 766, 272 )
( 770, 170 )
( 774, 200 )
( 778, 41 )
( 782, 261 )
( 786, 80 )
( 790, 159 )
( 794, 305 )
( 798, 263 )
( 802, 403 )
( 806, 107 )
( 810, 411 )
( 814, 76 )
( 818, 236 )
( 822, 676 )
( 826, 68 )
( 830, 532 )
( 834, 253 )
( 838, 510 )
( 842, 501 )
( 846, 182 )
( 850, 361 )
( 854, 121 )
( 858, 326 )
( 862, 349 )
( 866, 1 )
( 870, 35 )
( 874, 112 )
( 878, 99 )
( 882, 384 )
( 886, 90 )
( 890, 106 )
( 894, 163 )
( 898, 38 )
( 902, 557 )
( 906, 11 )
( 910, 329 )
( 914, 252 )
( 918, 678 )
( 922, 1143 )
( 926, 264 )
( 930, 460 )
( 934, 103 )
( 938, 122 )
( 942, 218 )
( 946, 16 )
( 950, 135 )
( 954, 49 )
( 958, 384 )
( 962, 70 )
( 966, 218 )
( 970, 367 )
( 974, 527 )
( 978, 356 )
( 982, 259 )
( 986, 11 )
( 990, 315 )
( 994, 182 )
( 998,
( 1002, 211 )
( 1006, 51 )
( 1010, 577 )
( 1014, 469 )
( 1018, 51 )
( 1022, 483 )
( 1026, 703 )
( 1030, 583 )
( 1034, 77 )
( 1038, 269 )
( 1042, 504 )
( 1046, 304 )
( 1050, 115 )
( 1054, 119 )
( 1058, 496 )
( 1062, 1000 )
( 1066, 438 )
( 1070, 962 )
( 1074, 1771 )
( 1078, 661 )
( 1082, 46 )
( 1086, 39 )
( 1090, 238 )
( 1094, 227 )
( 1098, 378 )
( 1102, 58 )
( 1106, 812 )
( 1110, 252 )
( 1114, 439 )
( 1118, 221 )
( 1122, 84 )
( 1126, 103 )
( 1130, 381 )
( 1134, 83 )
( 1138, 274 )
( 1142, 655 )
( 1146, 999 )
( 1150, 337 )
( 1154, 421 )
( 1158, 537 )
( 1162, 75 )
( 1166, 243 )
( 1170, 294 )
( 1174, 337 )
( 1178, 180 )
( 1182, 418 )
( 1186, 356 )
( 1190, 208 )
( 1194, 80 )
( 1198, 240 )
( 1202, 235 )
( 1206, 42 )
( 1210, 245 )
( 1214, 637 )
( 1218, 690 )
( 1222, 155 )
( 1226, 304 )
( 1230, 250 )
( 1234, 346 )
( 1238, 648 )
( 1242, 265 )
( 1246, 1125 )
( 1250, 359 )
( 1254, 630 )
( 1258, 587 )
( 1262, 376 )
( 1266, 690 )
( 1270, 229 )
( 1274, 728 )
( 1278, 617 )
( 1282, 596 )
( 1286, 657 )
( 1290, 439 )
( 1294, 372 )
( 1298, 263 )
( 1302, 143 )
( 1306, 123 )
( 1310, 106 )
( 1314, 195 )
( 1318, 117 )
( 1322, 748 )
( 1326, 47 )
( 1330, 627 )
( 1334, 466 )
( 1338, 881 )
( 1342, 1356 )
( 1346, 318 )
( 1350, 71 )
( 1354, 165 )
( 1358, 433 )
( 1362, 608 )
( 1366, 219 )
( 1370, 356 )
( 1374, 445 )
( 1378, 1449 )
( 1382, 650 )
( 1386, 556 )
( 1390, 513 )
( 1394, 772 )
( 1398, 754 )
( 1402, 976 )
( 1406, 161 )
( 1410, 561 )
( 1414, 256 )
( 1418, 511 )
( 1422, 998 )
( 1426, 396 )
( 1430, 406 )
( 1434, 749 )
( 1438, 141 )
( 1442, 393 )
( 1446, 691 )
( 1450, 1663 )
( 1454, 133 )
( 1458, 343 )
( 1462, 211 )
( 1466, 306 )
( 1470, 349 )
( 1474, 283 )
( 1478, 392 )
( 1482, 557 )
( 1486, 256 )
( 1490, 55 )
( 1494, 429 )
( 1498, 146 )
( 1502, 557 )
( 1506, 194 )
( 1510, 236 )
( 1514, 152 )
( 1518, 200 )
( 1522, 379 )
( 1526, 675 )
( 1530, 738 )
( 1534, 309 )
( 1538, 738 )
( 1542, 424 )
( 1546, 495 )
( 1550, 41 )
( 1554, 118 )
( 1558, 342 )
( 1562, 82 )
( 1566, 1793 )
( 1570, 519 )
( 1574, 124 )
( 1578, 634 )
( 1582, 484 )
( 1586, 271 )
( 1590, 797 )
( 1594, 844 )
( 1598, 214 )
( 1602, 813 )
( 1606, 506 )
( 1610, 246 )
( 1614, 336 )
( 1618, 266 )
( 1622, 440 )
( 1626, 297 )
( 1630, 109 )
( 1634, 381 )
( 1638, 1463 )
( 1642, 889 )
( 1646, 230 )
( 1650, 354 )
( 1654, 665 )
( 1658, 406 )
( 1662, 604 )
( 1666, 313 )
( 1670, 1126 )
( 1674, 571 )
( 1678, 1752 )
( 1682, 594 )
( 1686, 1178 )
( 1690, 407 )
( 1694, 98 )
( 1698, 215 )
( 1702, 1482 )
( 1706, 398 )
( 1710, 633 )
( 1714, 1702 )
( 1718, 711 )
( 1722, 421 )
( 1726, 495 )
( 1730, 1303 )
( 1734, 577 )
( 1738, 476 )
( 1742, 664 )
( 1746, 276 )
( 1750, 490 )
( 1754, 1131 )
( 1758, 224 )
( 1762, 277 )
( 1766, 369 )
( 1770, 172 )
( 1774, 122 )
( 1778, 687 )
( 1782, 1099 )
( 1786, 242 )
( 1790, 1261 )
( 1794, 1324 )
( 1798, 454 )
( 1802, 1409 )
( 1806, 1037 )
( 1810, 439 )
( 1814, 395 )
( 1818, 417 )
( 1822, 569 )
( 1826, 1164 )
( 1830, 963 )
( 1834, 634 )
( 1838, 853 )
( 1842, 463 )
( 1846, 1082 )
( 1850, 29 )
( 1854, 262 )
( 1858, 1045 )
( 1862, 848 )
( 1866, 1114 )
( 1870, 390 )
( 1874, 1141 )
( 1878, 294 )
( 1882, 231 )
( 1886, 422 )
( 1890, 201 )
( 1894, 582 )
( 1898, 976 )
( 1902, 624 )
( 1906, 807 )
( 1910, 398 )
( 1914, 568 )
( 1918, 544 )
( 1922, 850 )
( 1926, 885 )
( 1930, 659 )
( 1934, 466 )
( 1938, 572 )
( 1942, 259 )
( 1946, 626 )
( 1950, 733 )
( 1954, 487 )
( 1958, 325 )
( 1962, 161 )
( 1966, 815 )
( 1970, 941 )
( 1974, 867 )
( 1978, 729 )
( 1982, 450 )
( 1986, 497 )
( 1990, 556 )
( 1994, 800 )
( 1998, 497 )
( 2002, 539 )
( 2006, 385 )
( 2010, 468 )
( 2014, 1304 )
( 2018, 244 )
( 2022, 103 )
( 2026, 1894 )
( 2030, 558 )
( 2034, 1759 )
( 2038, 650 )
( 2042, 548 )
( 2046, 234 )
( 2050, 626 )
( 2054, 523 )
( 2058, 578 )
( 2062, 524 )
( 2066, 1550 )
( 2070, 784 )
( 2074, 521 )
( 2078, 808 )
( 2082, 413 )
( 2086, 792 )
( 2090, 526 )
( 2094, 867 )
( 2098, 904 )
( 2102, 862 )
( 2106, 777 )
( 2110, 207 )
( 2114, 1214 )
( 2118, 617 )
( 2122, 678 )
( 2126, 320 )
( 2130, 238 )
( 2134, 280 )
( 2138, 770 )
( 2142, 507 )
( 2146, 1757 )
( 2150, 386 )
( 2154, 807 )
( 2158, 752 )
( 2162, 825 )
( 2166, 408 )
( 2170, 577 )
( 2174, 434 )
( 2178, 144 )
( 2182, 394 )
( 2186, 130 )
( 2190, 778 )
( 2194, 1204 )
( 2198, 454 )
( 2202, 561 )
( 2206, 406 )
( 2210, 386 )
( 2214, 894 )
( 2218, 514 )
( 2222, 1096 )
( 2226, 435 )
( 2230, 1675 )
( 2234, 354 )
( 2238, 1168 )
( 2242, 1070 )
( 2246, 687 )
( 2250, 443 )
( 2254, 1622 )
( 2258, 1863 )
( 2262, 661 )
( 2266, 614 )
( 2270, 1603 )
( 2274, 1291 )
( 2278, 1117 )
( 2282, 1337 )
( 2286, 1194 )
( 2290, 289 )
( 2294, 489 )
( 2298, 419 )
( 2302, 458 )
( 2306, 449 )
( 2310, 1540 )
( 2314, 780 )
( 2318, 2516 )
( 2322, 1456 )
( 2326, 8 )
( 2330, 381 )
( 2334, 1651 )
( 2338, 847 )
( 2342, 691 )
( 2346, 727 )
( 2350, 797 )
( 2354, 1004 )
( 2358, 1079 )
( 2362, 980 )
( 2366, 1235 )
( 2370, 1024 )
( 2374, 430 )
( 2378, 543 )
( 2382, 749 )
( 2386, 1144 )
( 2390, 679 )
( 2394, 346 )
( 2398, 1299 )
( 2402, 379 )
( 2406, 185 )
( 2410, 1978 )
( 2414, 726 )
( 2418, 1099 )
( 2422, 2267 )
( 2426, 746 )
( 2430, 1436 )
( 2434, 1170 )
( 2438, 994 )
( 2442, 894 )
( 2446, 1977 )
( 2450, 1424 )
( 2454, 1983 )
( 2458, 470 )
( 2462, 463 )
( 2466, 396 )
( 2470, 657 )
( 2474, 1330 )
( 2478, 1801 )
( 2482, 498 )
( 2486, 681 )
( 2490, 729 )
( 2494, 465 )
( 2498, 1357 )
( 2502, 1569 )
( 2506, 667 )
( 2510, 1460 )
( 2514, 639 )
( 2518, 1233 )
( 2522, 830 )
( 2526, 128 )
( 2530, 1270 )
( 2534, 2044 )
( 2538, 807 )
( 2542, 1209 )
( 2546, 408 )
( 2550, 751 )
( 2554, 652 )
( 2558, 817 )
( 2562, 758 )
( 2566, 1145 )
( 2570, 1020 )
( 2574, 1053 )
( 2578, 643 )
( 2582, 2401 )
( 2586, 751 )
( 2590, 2861 )
( 2594, 759 )
( 2598, 875 )
( 2602, 1083 )
( 2606, 2460 )
( 2610, 2321 )
( 2614, 620 )
( 2618, 760 )
( 2622, 1724 )
( 2626, 969 )
( 2630, 447 )
( 2634, 1638 )
( 2638, 499 )
( 2642, 1173 )
( 2646, 1731 )
( 2650, 1687 )
( 2654, 714 )
( 2658, 804 )
( 2662, 1463 )
( 2666, 605 )
( 2670, 720 )
( 2674, 3054 )
( 2678, 462 )
( 2682, 1206 )
( 2686, 887 )
( 2690, 887 )
( 2694, 1112 )
( 2698, 1126 )
( 2702, 452 )
( 2706, 748 )
( 2710, 992 )
( 2714, 1771 )
( 2718, 986 )
( 2722, 1063 )
( 2726, 1224 )
( 2730, 735 )
( 2734, 1277 )
( 2738, 724 )
( 2742, 1541 )
( 2746, 2736 )
( 2750, 1162 )
( 2754, 1059 )
( 2758, 1733 )
( 2762, 1628 )
( 2766, 980 )
( 2770, 1383 )
( 2774, 2074 )
( 2778, 535 )
( 2782, 642 )
( 2786, 854 )
( 2790, 729 )
( 2794, 1693 )
( 2798, 3042 )
( 2802, 963 )
( 2806, 1030 )
( 2810, 1268 )
( 2814, 961 )
( 2818, 950 )
( 2822, 320 )
( 2826, 1585 )
( 2830, 1209 )
( 2834, 821 )
( 2838, 1017 )
( 2842, 2622 )
( 2846, 1650 )
( 2850, 1875 )
( 2854, 2142 )
( 2858, 1069 )
( 2862, 733 )
( 2866, 1196 )
( 2870, 886 )
( 2874, 1606 )
( 2878, 536 )
( 2882, 1014 )
( 2886, 2100 )
( 2890, 967 )
( 2894, 1572 )
( 2898, 1018 )
( 2902, 1496 )
( 2906, 731 )
( 2910, 761 )
( 2914, 1675 )
( 2918, 1045 )
( 2922, 854 )
( 2926, 3034 )
( 2930, 2139 )
( 2934, 1269 )
( 2938, 587 )
( 2942, 3210 )
( 2946, 1070 )
( 2950, 1771 )
( 2954, 1983 )
( 2958, 2430 )
( 2962, 1132 )
( 2966, 1448 )
( 2970, 1795 )
( 2974, 2275 )
( 2978, 1047 )
( 2982, 1452 )
( 2986, 2763 )
( 2990, 2366 )
( 2994, 1096 )
( 2998, 2494 )
( 3002, 2095 )
( 3006, 2114 )
( 3010, 752 )
( 3014, 698 )
( 3018, 1196 )
( 3022, 801 )
( 3026, 2564 )
( 3030, 1427 )
( 3034, 2129 )
( 3038, 2726 )
( 3042, 1374 )
( 3046, 1148 )
( 3050, 1536 )
( 3054, 1355 )
( 3058, 1653 )
( 3062, 987 )
( 3066, 1529 )
( 3070, 1426 )
( 3074, 1935 )
( 3078, 3442 )
( 3082, 1704 )
( 3086, 1971 )
( 3090, 1946 )
( 3094, 1210 )
( 3098, 1551 )
( 3102, 2092 )
( 3106, 1874 )
( 3110, 3533 )
( 3114, 1035 )
( 3118, 1308 )
( 3122, 461 )
( 3126, 2315 )
( 3130, 2470 )
( 3134, 917 )
( 3138, 1906 )
( 3142, 960 )
( 3146, 805 )
( 3150, 1490 )
( 3154, 2241 )
( 3158, 1104 )
( 3162, 1901 )
( 3166, 1099 )
( 3170, 1422 )
( 3174, 1434 )
( 3178, 1388 )
( 3182, 1582 )
( 3186, 643 )
( 3190, 2479 )
( 3194, 2020 )
( 3198, 1856 )
( 3202, 2306 )
( 3206, 3358 )
( 3210, 874 )
( 3214, 2188 )
( 3218, 2756 )
( 3222, 1216 )
( 3226, 1721 )
( 3230, 2284 )
( 3234, 954 )
( 3238, 2568 )
( 3242, 2018 )
( 3246, 737 )
( 3250, 3049 )
( 3254, 2005 )
( 3258, 1181 )
( 3262, 2141 )
( 3266, 3256 )
( 3270, 2087 )
( 3274, 1001 )
( 3278, 1824 )
( 3282, 1642 )
( 3286, 1545 )
( 3290, 1408 )
( 3294, 1676 )
( 3298, 1336 )
( 3302, 875 )
( 3306, 1609 )
( 3310, 977 )
( 3314, 1009 )
( 3318, 2366 )
( 3322, 2269 )
( 3326, 3259 )
( 3330, 286 )
( 3334, 305 )
( 3338, 2228 )
( 3342, 990 )
( 3346, 748 )
( 3350, 1828 )
( 3354, 1699 )
( 3358, 627 )
( 3362, 1932 )
( 3366, 749 )
( 3370, 890 )
( 3374, 1578 )
( 3378, 1314 )
( 3382, 2481 )
( 3386, 902 )
( 3390, 1384 )
( 3394, 3200 )
( 3398, 1706 )
( 3402, 1697 )
( 3406, 918 )
( 3410, 3044 )
( 3414, 2749 )
( 3418, 549 )
( 3422, 1026 )
( 3426, 1855 )
( 3430, 1178 )
( 3434, 932 )
( 3438, 1778 )
( 3442, 1827 )
( 3446, 3042 )
( 3450, 772 )
( 3454, 2242 )
( 3458, 1497 )
( 3462, 1973 )
( 3466, 2528 )
( 3470, 1507 )
( 3474, 2656 )
( 3478, 1238 )
( 3482, 1385 )
( 3486, 2167 )
( 3490, 2362 )
( 3494, 2611 )
( 3498, 3357 )
( 3502, 2406 )
( 3506, 1822 )
( 3510, 2487 )
( 3514, 662 )
( 3518, 1849 )
( 3522, 2369 )
( 3526, 2147 )
( 3530, 3350 )
( 3534, 2798 )
( 3538, 2640 )
( 3542, 2858 )
( 3546, 1578 )
( 3550, 2304 )
( 3554, 2474 )
( 3558, 1558 )
( 3562, 1506 )
( 3566, 2854 )
( 3570, 652 )
( 3574, 2309 )
( 3578, 2769 )
( 3582, 3216 )
( 3586, 2239 )
( 3590, 4069 )
( 3594, 2950 )
( 3598, 2015 )
